2187.81339 16.303 0.009
2193.87840 16.269 0.008
2194.77218 16.345 0.009
2202.87845 16.152 0.008
2206.78747 16.299 0.009
2215.83135 16.448 0.009
2222.83084 16.482 0.011
2225.71368 16.353 0.009
2227.78873 16.428 0.009
2229.79459 16.432 0.011
2231.76294 16.036 0.007
2233.73125 16.137 0.008
2237.65059 16.309 0.009
2239.71153 16.410 0.009
2241.80328 16.454 0.009
2244.68293 16.367 0.009
2249.79280 16.358 0.008
2251.70108 16.408 0.009
2254.78780 16.316 0.008
2257.81128 16.155 0.007
2260.81868 16.251 0.009
2262.83633 16.111 0.007
2265.81093 16.466 0.009
2269.76097 16.144 0.008
2272.74127 16.411 0.009
2274.70970 16.035 0.008
2276.72991 16.171 0.008
2278.84939 16.329 0.009
2280.67212 16.339 0.009
2282.83346 16.455 0.009
2288.81538 16.194 0.008
2291.84888 16.045 0.008
2296.84400 16.281 0.011
2298.83697 16.085 0.008
2301.76773 16.465 0.012
2303.76705 16.159 0.009
2321.73955 16.321 0.009
2328.61671 16.306 0.009
2335.52661 16.316 0.009
2341.52394 16.159 0.008
2358.51637 16.444 0.009
2391.54303 16.096 0.009
2548.85735 16.466 0.011
2553.82476 16.407 0.011
2557.88959 16.049 0.008
2561.89222 16.271 0.013
2579.77239 16.465 0.011
2586.80851 16.419 0.009
2591.77743 16.455 0.009
2598.76029 16.474 0.009
2606.78915 16.350 0.009
2610.68706 16.441 0.011
2619.65760 16.033 0.007
2622.77269 16.463 0.009
2625.63796 16.351 0.009
2628.63526 16.199 0.009
2630.67222 16.300 0.009
2632.79342 16.390 0.008
2636.74340 16.122 0.008
2641.83589 16.236 0.008
2643.83648 16.088 0.008
2645.83517 16.212 0.008
2649.74664 16.365 0.008
2651.78950 16.437 0.009
2653.81638 16.306 0.009
2655.84325 16.089 0.008
2657.83925 16.201 0.009
2658.82745 16.451 0.013
2660.78203 16.086 0.008
2662.75551 16.117 0.008
2672.62295 16.397 0.009
2674.82515 16.140 0.008
2676.80240 16.222 0.009
2678.84415 16.341 0.008
2680.75249 16.386 0.008
2684.62992 16.419 0.009
2688.60740 16.148 0.008
2693.56912 16.069 0.008
2697.58519 16.300 0.011
2702.59173 16.248 0.009
2709.53719 16.287 0.009
2726.50337 16.222 0.009
2875.91444 16.260 0.009
2885.90502 16.133 0.008
2893.88570 16.479 0.011
2897.90228 16.121 0.008
2908.82296 16.356 0.009
2912.84614 16.470 0.009
2917.85431 16.448 0.009
2923.85921 16.209 0.008
2927.76540 16.364 0.011
2931.84353 16.326 0.009
2935.73796 16.161 0.009
2940.85848 16.157 0.008
2943.86324 16.302 0.008
2951.74859 16.360 0.009
2954.81571 16.239 0.009
2956.85911 16.344 0.009
2961.79043 16.282 0.008
2963.84138 16.369 0.009
2964.73876 16.073 0.009
2966.81804 16.205 0.007
2968.77891 16.314 0.009
2971.78214 16.153 0.008
2975.70323 16.346 0.009
2978.69116 16.181 0.009
2980.78545 16.307 0.009
2982.83448 16.397 0.011
2985.73717 16.246 0.008
2987.78482 16.353 0.011
2989.72583 16.402 0.008
2991.79927 16.460 0.009
2993.81269 16.037 0.008
2996.78291 16.458 0.009
2998.79570 16.272 0.009
3000.80683 16.101 0.008
3002.79713 16.208 0.008
3004.82289 16.323 0.009
3006.80944 16.384 0.009
3008.77204 16.441 0.009
3010.84273 16.219 0.009
3013.76848 16.395 0.009
3016.79277 16.297 0.009
3020.63311 16.411 0.009
3022.66540 16.461 0.009
3023.77340 16.330 0.008
3025.77652 16.385 0.008
3029.77981 16.080 0.008
3032.62864 16.401 0.009
3034.67673 16.462 0.008
3036.70680 16.032 0.007
3039.64878 16.426 0.009
3041.74166 16.197 0.009
3042.75705 16.362 0.011
3044.69586 16.414 0.011
3046.68199 16.446 0.011
3048.71517 16.043 0.007
3050.71212 16.154 0.008
3052.70840 16.266 0.008
3054.71449 16.349 0.009
3056.70160 16.414 0.008
3058.69490 16.465 0.008
3059.64115 16.283 0.008
3066.63216 16.329 0.009
3068.66037 16.393 0.009
3071.55877 16.256 0.009
3074.56364 16.068 0.008
3076.67803 16.241 0.009
3079.67765 16.058 0.007
3083.54781 16.243 0.011
3085.64603 16.379 0.009
3088.60339 16.203 0.009
3091.60692 16.044 0.008
3097.53140 16.311 0.011
3100.56895 16.176 0.009
3103.57703 16.090 0.008
3106.60642 16.440 0.009
3109.58955 16.340 0.009
3126.54454 16.262 0.009
3132.54756 16.440 0.011
3242.92906 16.154 0.011
3249.90660 16.202 0.009
3271.87846 16.055 0.008
3274.88166 16.485 0.011
3279.83514 16.403 0.009
3295.84431 16.058 0.007
3297.83560 16.143 0.007
3300.69974 16.482 0.011
3302.72235 16.035 0.008
3305.80601 16.475 0.009
3307.83084 16.062 0.009
3309.86718 16.173 0.008
3315.80317 16.409 0.008
3321.76753 16.108 0.007
3324.81697 16.394 0.008
3329.67116 16.436 0.009
3335.81465 16.256 0.009
3340.69844 16.132 0.008
3353.79053 16.451 0.008
3357.81815 16.115 0.007
3360.79776 16.459 0.008
3366.76181 16.258 0.008
3373.84941 16.328 0.009
3378.80510 16.262 0.008
3385.59503 16.239 0.009
3387.80310 16.396 0.009
3394.69408 16.392 0.008
3402.75239 16.230 0.008
3404.68404 16.301 0.009
3410.54184 16.478 0.008
3416.54941 16.260 0.008
3425.55579 16.382 0.011
3430.55258 16.354 0.009
3436.60345 16.041 0.007
3448.53507 16.102 0.008
3458.50519 16.467 0.009
3603.90557 16.342 0.008
3621.88326 16.100 0.007
3624.90709 16.443 0.009
3630.85418 16.199 0.009
3637.80526 16.208 0.008
3640.84943 16.035 0.007
3651.88185 16.348 0.009
3655.79909 16.433 0.008
3659.78243 16.068 0.008
3663.74636 16.290 0.009
3669.84148 16.286 0.008
3673.71889 16.174 0.008
3681.78650 16.422 0.009
3685.84579 16.187 0.007
3688.76466 16.209 0.008
3690.83923 16.139 0.009
3693.84554 16.337 0.008
3696.78319 16.402 0.008
3699.79606 16.279 0.007
3701.85105 16.386 0.008
3703.84785 16.457 0.008
3706.72310 16.298 0.007
3711.75861 16.257 0.008
3713.84661 16.369 0.009
3715.82293 16.437 0.008
3718.85406 16.339 0.008
3724.79738 16.229 0.008
3728.83167 16.239 0.008
3731.83883 16.048 0.007
3733.73819 16.146 0.007
3735.71936 16.228 0.007
3738.75173 16.069 0.007
3740.81664 16.217 0.008
3742.83608 16.325 0.009
3747.85654 16.263 0.009
3749.80383 16.329 0.011
3751.81768 16.426 0.011
3753.76778 16.462 0.009
3755.79595 16.049 0.007
3757.81591 16.160 0.007
3760.62754 16.459 0.009
3763.74826 16.390 0.007
3766.76483 16.277 0.009
3771.67425 16.207 0.008
3774.66576 16.044 0.007
3777.62410 16.435 0.008
3780.68821 16.344 0.009
3784.53618 16.439 0.011
3788.61457 16.121 0.007
3794.58411 16.372 0.008
3802.52496 16.195 0.008
3812.53776 16.062 0.007
3830.49118 16.378 0.009
3959.89366 16.270 0.009
3965.91956 16.323 0.008
3973.83517 16.055 0.008
3982.88582 16.260 0.008
3990.83272 16.197 0.008
3999.90203 16.201 0.008
4003.77781 16.345 0.007
4006.82717 16.214 0.007
4008.84816 16.332 0.008
4013.86003 16.292 0.008
4019.86465 16.466 0.008
4024.85419 16.447 0.008
4027.75875 16.341 0.008
4029.86938 16.417 0.008
4036.74790 16.438 0.008
4039.73604 16.334 0.008
4041.80978 16.406 0.008
4047.67448 16.080 0.008
4050.65023 16.463 0.009
4052.83950 16.089 0.007
4054.82633 16.206 0.008
4057.75139 16.233 0.008
4060.69080 16.412 0.008
4065.77484 16.410 0.008
4068.74529 16.280 0.007
4070.78970 16.369 0.009
4074.84578 16.369 0.009
4078.76371 16.172 0.008
4080.77508 16.268 0.009
4083.84975 16.124 0.008
4085.82453 16.238 0.008
4096.65787 16.406 0.009
4103.81706 16.460 0.009
4106.64846 16.324 0.008
4112.82530 16.035 0.007
4122.75340 16.482 0.008
4128.62302 16.202 0.007
4145.66308 16.153 0.009
4158.53328 16.418 0.011
4169.56262 16.086 0.008
4344.86539 16.217 0.009
4348.89560 16.391 0.011
4354.82395 16.059 0.008
4358.88555 16.306 0.009
4363.90093 16.241 0.011
4367.82321 16.390 0.009
4371.83393 16.215 0.009
4378.78782 16.047 0.008
4381.80471 16.445 0.012
4390.88429 16.059 0.011
4396.78500 16.346 0.009
4400.79293 16.467 0.012
4408.80462 16.343 0.009
4423.83231 16.200 0.008
4427.79871 16.387 0.009
4430.80197 16.231 0.009
4433.81941 16.059 0.008
4437.74590 16.264 0.011
4440.76570 16.113 0.008
4444.71068 16.307 0.009
4449.82522 16.283 0.009
4451.86079 16.383 0.014
4454.80052 16.239 0.008
4456.80290 16.334 0.009
4458.80958 16.393 0.009
4463.79300 16.357 0.009
4465.80977 16.425 0.009
4470.72976 16.384 0.009
4478.81425 16.217 0.008
4481.85639 16.023 0.007
4486.85417 16.133 0.009
4490.67225 16.158 0.009
4493.74292 16.085 0.008
4497.79478 16.254 0.008
4500.66778 16.040 0.008
4502.77763 16.186 0.009
4507.76874 16.126 0.008
4509.73243 16.225 0.008
4518.73208 16.371 0.012
4522.53238 16.440 0.011
4524.67281 16.062 0.008
4530.69722 16.362 0.009
4534.66386 16.474 0.009
4538.67917 16.148 0.008
4540.67924 16.259 0.009
4542.59638 16.302 0.009
