2166.84886 15.100 0.005
2172.89886 15.504 0.006
2183.89214 15.247 0.006
2189.85456 15.131 0.006
2192.75850 15.121 0.005
2201.76819 15.527 0.006
2212.80299 15.181 0.006
2217.78740 15.495 0.007
2226.78234 15.383 0.006
2228.82578 15.129 0.005
2230.73922 15.493 0.006
2232.75943 15.281 0.006
2234.75340 15.340 0.006
2238.70400 15.162 0.005
2240.83301 15.539 0.006
2242.83873 15.344 0.006
2248.72000 15.216 0.005
2251.74964 15.168 0.005
2253.76724 15.533 0.006
2255.69553 15.320 0.006
2258.69500 15.273 0.005
2261.66777 15.217 0.005
2264.80361 15.182 0.005
2269.77649 15.496 0.006
2271.71997 15.280 0.006
2273.81513 15.202 0.006
2275.78861 15.425 0.006
2277.79138 15.186 0.005
2279.78824 15.544 0.006
2281.75106 15.331 0.005
2283.80822 15.084 0.005
2289.74509 15.492 0.006
2291.75118 15.392 0.006
2293.71954 15.145 0.006
2295.74061 15.504 0.006
2297.73154 15.303 0.006
2299.76393 15.209 0.006
2301.66936 15.416 0.006
2303.66472 15.172 0.006
2323.56592 15.260 0.006
2326.57292 15.217 0.006
2332.51630 15.097 0.006
2338.53885 15.406 0.006
2355.50426 15.167 0.006
2387.49452 15.129 0.007
2521.91435 15.351 0.006
2542.82675 15.522 0.007
2544.88439 15.400 0.007
2551.87463 15.472 0.006
2559.81256 15.139 0.006
2563.85780 15.293 0.006
2573.78507 15.339 0.006
2577.84783 15.477 0.007
2583.74432 15.384 0.006
2589.78434 15.287 0.006
2594.80118 15.499 0.007
2599.85599 15.355 0.006
2609.66222 15.367 0.006
2611.66624 15.112 0.006
2617.81290 15.193 0.006
2620.78186 15.475 0.006
2623.75513 15.545 0.006
2626.68022 15.487 0.006
2627.62201 15.139 0.006
2628.84729 15.320 0.006
2630.83606 15.155 0.006
2632.62679 15.415 0.006
2635.62196 15.369 0.006
2637.76214 15.141 0.006
2639.77836 15.513 0.006
2641.65265 15.265 0.006
2643.66418 15.313 0.006
2645.65615 15.413 0.006
2647.58289 15.160 0.006
2651.65078 15.333 0.006
2653.67515 15.098 0.006
2655.66021 15.465 0.006
2657.79394 15.262 0.006
2659.66112 15.517 0.006
2661.68580 15.386 0.006
2665.78771 15.517 0.006
2671.79365 15.439 0.006
2675.72410 15.541 0.006
2677.75845 15.359 0.007
2679.74951 15.095 0.006
2682.60766 15.319 0.006
2686.57685 15.180 0.006
2695.58496 15.326 0.006
2700.53594 15.365 0.006
2706.51733 15.272 0.006
2713.52098 15.374 0.007
2735.50111 15.221 0.006
2841.92511 15.091 0.006
2868.88777 15.302 0.006
2890.83088 15.134 0.006
2895.86662 15.475 0.006
2900.82229 15.198 0.006
2906.85332 15.103 0.005
2910.88665 15.247 0.006
2915.88682 15.536 0.006
2921.88552 15.485 0.006
2925.85538 15.471 0.006
2933.81239 15.297 0.006
2939.82081 15.196 0.006
2941.83890 15.541 0.006
2943.71364 15.336 0.006
2946.81669 15.311 0.006
2948.80701 15.225 0.006
2952.80308 15.189 0.006
2955.85796 15.150 0.006
2958.67327 15.131 0.006
2962.68421 15.223 0.006
2965.70125 15.189 0.006
2967.80060 15.537 0.006
2970.71379 15.522 0.006
2974.70576 15.297 0.006
2976.73962 15.424 0.006
2978.63418 15.178 0.006
2980.66057 15.547 0.007
2982.61976 15.336 0.006
2984.66091 15.112 0.006
2986.74874 15.485 0.006
2988.71674 15.254 0.006
2990.65009 15.528 0.006
2992.73664 15.393 0.006
2994.64686 15.134 0.005
2996.73350 15.529 0.006
2998.69257 15.292 0.006
2999.78460 15.502 0.006
3001.66333 15.251 0.006
3003.65897 15.513 0.006
3005.61596 15.377 0.006
3007.73441 15.139 0.006
3009.67026 15.502 0.006
3011.61582 15.293 0.006
3013.64647 15.294 0.006
3017.62176 15.186 0.005
3018.71358 15.384 0.006
3020.78880 15.176 0.006
3022.81533 15.529 0.006
3024.76386 15.316 0.006
3026.76118 15.158 0.005
3028.76865 15.445 0.006
3030.77352 15.212 0.005
3033.70082 15.147 0.005
3035.70711 15.513 0.006
3038.68545 15.465 0.006
3040.68506 15.251 0.006
3042.62860 15.494 0.006
3044.56256 15.381 0.006
3046.57800 15.121 0.005
3048.56294 15.498 0.006
3050.58182 15.277 0.006
3052.57884 15.314 0.006
3054.57969 15.412 0.006
3056.57688 15.181 0.005
3058.57058 15.538 0.006
3060.59111 15.326 0.006
3064.58901 15.469 0.006
3067.65259 15.440 0.006
3069.61269 15.191 0.006
3073.52208 15.339 0.006
3075.61677 15.097 0.005
3078.53665 15.319 0.006
3082.52562 15.178 0.006
3084.60158 15.535 0.006
3087.56309 15.495 0.006
3090.51874 15.476 0.007
3093.50011 15.415 0.007
3098.60900 15.140 0.006
3101.56672 15.104 0.006
3104.53987 15.269 0.006
3107.51983 15.516 0.007
3111.51341 15.152 0.006
3114.50738 15.095 0.005
3115.53170 15.294 0.006
3126.47181 15.501 0.006
3144.48709 15.252 0.006
3224.88729 15.097 0.006
3239.92128 15.494 0.006
3247.89226 15.155 0.005
3256.87058 15.463 0.006
3263.83749 15.102 0.005
3268.86118 15.450 0.006
3273.83281 15.164 0.006
3276.85087 15.107 0.005
3281.81578 15.444 0.005
3289.82925 15.111 0.005
3294.82742 15.444 0.005
3296.83278 15.213 0.005
3301.68371 15.502 0.007
3303.85271 15.319 0.006
3306.82733 15.269 0.005
3308.84435 15.422 0.006
3320.68759 15.428 0.006
3323.64058 15.385 0.006
3329.81665 15.327 0.005
3334.71648 15.498 0.006
3338.77223 15.165 0.005
3349.78850 15.416 0.005
3351.77331 15.174 0.005
3354.74147 15.118 0.005
3358.62781 15.242 0.005
3361.72354 15.225 0.005
3363.71372 15.555 0.006
3367.66723 15.100 0.005
3372.68600 15.441 0.006
3377.72218 15.180 0.006
3386.74796 15.406 0.005
3391.59328 15.353 0.006
3395.65733 15.488 0.006
3398.70505 15.454 0.006
3402.65032 15.554 0.006
3404.57813 15.346 0.006
3408.53157 15.462 0.006
3412.57696 15.513 0.006
3414.60853 15.397 0.006
3419.57573 15.111 0.005
3426.51486 15.188 0.005
3433.56595 15.315 0.006
3443.53655 15.351 0.006
3453.50289 15.396 0.006
3574.93773 15.434 0.006
3588.92843 15.221 0.005
3589.87945 15.413 0.006
3614.91978 15.230 0.006
3617.87646 15.168 0.005
3629.81597 15.558 0.006
3634.78205 15.303 0.005
3639.89231 15.375 0.005
3641.82599 15.404 0.005
3650.82135 15.265 0.005
3653.84931 15.212 0.005
3657.79984 15.371 0.005
3660.76559 15.300 0.006
3664.80103 15.453 0.005
3668.73732 15.551 0.006
3671.87292 15.550 0.006
3676.84831 15.286 0.005
3684.79247 15.534 0.006
3687.71154 15.490 0.006
3689.81013 15.277 0.005
3692.73453 15.215 0.005
3694.80844 15.552 0.006
3696.68377 15.344 0.005
3699.69603 15.304 0.005
3701.74690 15.181 0.005
3704.71343 15.459 0.006
3706.76763 15.412 0.005
3711.65861 15.103 0.005
3713.67230 15.478 0.006
3716.72136 15.443 0.006
3719.73670 15.405 0.006
3722.80728 15.380 0.006
3726.67156 15.488 0.006
3728.64428 15.244 0.005
3731.74486 15.216 0.005
3733.63101 15.542 0.006
3734.73399 15.171 0.005
3736.75286 15.532 0.006
3737.64149 15.094 0.005
3739.70361 15.488 0.006
3743.70774 15.411 0.006
3746.75013 15.538 0.006
3748.70276 15.364 0.006
3750.70893 15.115 0.005
3752.71702 15.492 0.006
3754.73826 15.276 0.005
3755.65805 15.443 0.006
3757.63216 15.199 0.005
3759.59778 15.542 0.006
3762.68267 15.534 0.006
3765.70457 15.487 0.005
3769.74518 15.323 0.005
3772.71346 15.530 0.006
3775.70536 15.539 0.007
3778.68390 15.479 0.006
3782.59204 15.467 0.006
3786.56806 15.157 0.005
3791.56440 15.481 0.006
3798.56405 15.536 0.006
3805.55123 15.212 0.005
3820.49656 15.429 0.006
3961.92688 15.168 0.005
3968.90896 15.265 0.005
3974.90496 15.164 0.005
3981.79794 15.242 0.005
3995.83290 15.444 0.006
4002.82903 15.528 0.005
4005.77910 15.467 0.005
4007.78327 15.255 0.005
4011.76369 15.390 0.005
4018.74535 15.481 0.006
4023.79775 15.221 0.005
4026.71344 15.139 0.005
4028.84949 15.530 0.005
4031.73721 15.470 0.006
4037.84614 15.413 0.005
4040.81350 15.364 0.005
4042.82827 15.112 0.005
4046.70409 15.252 0.005
4048.79302 15.370 0.006
4052.63592 15.139 0.005
4053.83359 15.384 0.005
4059.66442 15.238 0.005
4064.62890 15.537 0.005
4066.60849 15.353 0.006
4069.67586 15.301 0.005
4071.60095 15.277 0.005
4076.65406 15.405 0.006
4079.68928 15.362 0.006
4082.67964 15.305 0.005
4084.75948 15.116 0.005
4087.67895 15.431 0.006
4093.76797 15.527 0.006
4102.65620 15.398 0.006
4104.80297 15.193 0.005
4109.66384 15.487 0.005
4113.68245 15.386 0.005
4119.62065 15.531 0.006
4122.66951 15.487 0.005
4125.71692 15.475 0.006
4129.71634 15.519 0.006
4142.57454 15.530 0.007
4150.55102 15.246 0.006
4154.53277 15.392 0.007
4165.57872 15.398 0.006
4183.52499 15.355 0.007
4340.89943 15.324 0.006
4346.88672 15.532 0.007
4350.90612 15.101 0.005
4357.83973 15.175 0.006
4363.76822 15.172 0.006
4365.79184 15.449 0.007
4369.78742 15.541 0.007
4372.76210 15.523 0.006
4376.85266 15.105 0.006
4379.85923 15.303 0.006
4383.86331 15.180 0.006
4388.80337 15.502 0.007
4393.73118 15.216 0.006
4398.80639 15.532 0.006
4403.74704 15.274 0.006
4411.74221 15.521 0.006
4417.82508 15.469 0.006
4421.73747 15.531 0.006
4425.81069 15.145 0.006
4429.72145 15.267 0.006
4432.76299 15.228 0.006
4436.68949 15.369 0.006
4439.73368 15.326 0.006
4442.71107 15.259 0.006
4448.76675 15.189 0.006
4450.77141 15.533 0.007
4453.74723 15.489 0.006
4456.76058 15.455 0.006
4459.67061 15.408 0.006
4462.67260 15.366 0.006
4465.71282 15.329 0.006
4469.66598 15.451 0.006
4474.66798 15.166 0.005
4478.77075 15.350 0.006
4481.76951 15.298 0.005
4484.67925 15.224 0.006
4487.74163 15.195 0.006
4492.69418 15.500 0.006
4494.72864 15.292 0.006
4499.61036 15.529 0.006
4502.68322 15.538 0.007
4507.64194 15.271 0.006
4509.63921 15.327 0.006
4516.54750 15.116 0.006
4520.63647 15.290 0.006
4522.54646 15.424 0.006
4524.56049 15.404 0.006
4530.56563 15.322 0.006
4532.55767 15.140 0.006
4537.55571 15.404 0.006
4540.60444 15.371 0.006
