 457.65027 15.653 0.006
 457.70891 15.650 0.006
 457.82618 15.640 0.006
 458.68273 15.279 0.006
 459.64604 15.508 0.006
 459.85170 15.551 0.006
 461.65464 15.325 0.006
 461.78283 15.359 0.006
 462.61140 15.536 0.006
 465.85467 15.619 0.006
 466.85014 15.221 0.006
 468.77905 15.625 0.006
 469.78797 15.237 0.006
 470.80586 15.493 0.006
 472.82378 15.293 0.006
 475.58431 15.273 0.006
 477.80188 15.496 0.006
 478.80756 15.385 0.006
 479.80782 15.583 0.006
 480.64429 15.478 0.006
 481.54212 15.366 0.006
 482.83479 15.624 0.006
 483.54026 15.395 0.006
 484.53844 15.411 0.006
 485.54302 15.608 0.006
 486.53518 15.230 0.006
 487.56255 15.456 0.006
 488.57494 15.641 0.006
 489.53498 15.253 0.006
 490.54366 15.488 0.006
 491.54524 15.655 0.006
 492.53039 15.298 0.006
 493.53351 15.526 0.006
 494.52848 15.617 0.006
 494.78796 15.410 0.006
 495.53055 15.336 0.006
 496.52575 15.550 0.006
 496.74211 15.604 0.006
 498.52507 15.382 0.006
 499.78748 15.650 0.006
 500.78496 15.254 0.006
 501.54952 15.428 0.006
 507.53568 15.496 0.006
 508.57832 15.637 0.006
 509.53287 15.305 0.006
 510.56357 15.553 0.006
 510.72879 15.590 0.006
 511.62820 15.490 0.006
 512.56253 15.370 0.006
 513.54665 15.589 0.006
 513.65845 15.592 0.006
 514.52629 15.400 0.006
 514.62175 15.277 0.006
 515.52292 15.395 0.006
 516.52645 15.604 0.006
 517.52597 15.233 0.006
 518.56284 15.450 0.006
 519.51587 15.628 0.006
 519.66542 15.649 0.006
 519.74323 15.648 0.006
 520.68210 15.288 0.006
 521.51803 15.493 0.006
 521.65558 15.515 0.006
 521.71934 15.539 0.006
 523.52336 15.302 0.006
 524.50876 15.514 0.006
 524.54884 15.524 0.006
 526.51215 15.338 0.006
 526.60791 15.357 0.006
 527.50692 15.553 0.006
 528.56676 15.453 0.006
 530.54669 15.591 0.006
 530.64426 15.596 0.006
 531.51971 15.297 0.006
 531.61872 15.240 0.006
 532.50833 15.430 0.006
 533.50736 15.620 0.006
 533.63329 15.645 0.006
 534.51659 15.244 0.006
 535.52103 15.477 0.006
 536.67005 15.648 0.006
 540.50822 15.317 0.006
 552.61997 15.514 0.006
 554.53439 15.293 0.006
 558.52743 15.562 0.007
 560.54978 15.384 0.006
 561.49027 15.581 0.006
 562.48235 15.336 0.006
 564.49124 15.618 0.007
 573.48246 15.601 0.007
 673.83706 15.503 0.006
 689.86333 15.313 0.006
 699.80939 15.616 0.006
 701.80664 15.469 0.006
 704.84845 15.515 0.006
 706.79478 15.316 0.006
 707.84810 15.546 0.007
 715.81400 15.453 0.006
 720.79411 15.284 0.006
 722.82456 15.595 0.006
 726.78259 15.379 0.006
 728.82231 15.243 0.006
 729.87715 15.433 0.006
 733.77802 15.641 0.007
 741.87279 15.589 0.006
 744.87828 15.612 0.007
 745.71997 15.257 0.006
 747.78697 15.625 0.006
 748.74108 15.237 0.006
 751.72430 15.276 0.006
 755.68455 15.540 0.006
 759.79768 15.263 0.006
 760.77413 15.425 0.006
 761.85906 15.634 0.006
 765.80069 15.274 0.006
 769.79147 15.542 0.006
 774.79802 15.400 0.006
 778.78137 15.632 0.006
 780.85217 15.491 0.006
 781.78620 15.652 0.006
 788.79726 15.398 0.006
 789.75371 15.587 0.006
 792.79375 15.618 0.006
 795.85543 15.651 0.006
 796.85611 15.293 0.006
 797.85361 15.529 0.006
 798.85068 15.625 0.006
 805.77601 15.415 0.006
 816.71835 15.329 0.006
 817.82460 15.570 0.006
 818.86053 15.391 0.006
 819.85454 15.409 0.006
 822.78272 15.420 0.006
 825.74202 15.456 0.006
 827.65248 15.227 0.006
 828.83705 15.519 0.006
 829.67155 15.639 0.006
 830.80295 15.327 0.006
 831.64817 15.502 0.006
 832.72435 15.597 0.006
 833.65716 15.332 0.006
 834.77149 15.574 0.006
 837.81649 15.608 0.006
 839.60331 15.416 0.006
 841.82528 15.253 0.006
 842.79046 15.495 0.006
 844.65851 15.268 0.006
 850.67953 15.357 0.006
 854.74029 15.620 0.006
 856.73160 15.469 0.007
 858.61289 15.230 0.006
 860.75952 15.647 0.007
 864.69895 15.351 0.006
 875.59462 15.246 0.006
 880.51164 15.635 0.006
 887.59189 15.422 0.006
 892.67585 15.300 0.006
 895.49820 15.300 0.006
 897.49693 15.613 0.006
 918.49178 15.425 0.007
 922.48028 15.646 0.006
 928.49880 15.619 0.007
 931.52127 15.451 0.006
 934.49345 15.276 0.006
 950.49585 15.610 0.006
 952.48752 15.444 0.006
1053.91712 15.443 0.006
1065.91328 15.588 0.006
1068.80467 15.605 0.006
1069.79888 15.242 0.006
1071.79772 15.637 0.007
1077.82423 15.631 0.006
1083.77342 15.347 0.006
1088.84226 15.643 0.006
1092.87481 15.317 0.006
1102.76661 15.642 0.006
1106.82363 15.295 0.006
1112.80515 15.366 0.006
1116.78139 15.616 0.006
1126.68116 15.324 0.006
1129.72831 15.377 0.006
1132.77850 15.424 0.006
1136.81182 15.657 0.006
1142.70406 15.596 0.006
1151.79864 15.266 0.006
1154.80649 15.312 0.006
1157.79978 15.359 0.006
1160.83325 15.414 0.006
1163.77468 15.450 0.006
1166.80864 15.478 0.006
1169.78918 15.521 0.006
1171.83761 15.337 0.006
1174.76396 15.375 0.006
1175.84526 15.593 0.006
1179.83923 15.228 0.006
1183.73404 15.488 0.006
1185.84878 15.328 0.006
1187.80432 15.584 0.006
1189.82731 15.577 0.006
1191.83276 15.408 0.006
1194.74008 15.432 0.006
1196.62058 15.251 0.006
1201.75528 15.635 0.007
1204.74090 15.573 0.006
1207.63372 15.497 0.006
1211.71406 15.445 0.006
1214.60721 15.457 0.006
1217.66060 15.505 0.006
1219.71642 15.329 0.006
1223.58470 15.568 0.006
1226.67741 15.616 0.006
1228.65120 15.458 0.006
1231.59266 15.476 0.006
1234.67016 15.522 0.006
1236.66103 15.349 0.006
1239.69087 15.395 0.006
1241.70745 15.232 0.006
1243.51442 15.603 0.006
1245.59914 15.461 0.006
1247.69858 15.284 0.006
1248.66628 15.513 0.006
1254.51776 15.555 0.006
1259.51014 15.422 0.006
1264.50434 15.265 0.006
1267.52352 15.313 0.006
1273.52969 15.409 0.007
1275.50870 15.246 0.006
1278.54122 15.245 0.006
1288.48602 15.581 0.006
1290.61572 15.448 0.006
1298.52727 15.302 0.006
1301.53255 15.361 0.006
1306.47384 15.269 0.006
1312.46676 15.275 0.006
1316.48213 15.558 0.006
1319.52271 15.602 0.006
1320.46272 15.371 0.006
1330.45977 15.529 0.007
1331.46254 15.620 0.006
1331.50996 15.607 0.008
1332.45797 15.332 0.006
1333.46356 15.572 0.007
1335.45993 15.386 0.006
1336.45933 15.599 0.007
1336.47545 15.597 0.008
1336.48349 15.599 0.007
1338.48120 15.445 0.007
1338.48914 15.448 0.007
1339.45656 15.627 0.008
1339.46649 15.624 0.007
1340.45468 15.230 0.006
1340.47930 15.230 0.006
1342.45929 15.646 0.007
1343.47523 15.279 0.006
1348.46173 15.560 0.007
1349.46323 15.359 0.007
1350.46420 15.578 0.006
1354.94221 15.318 0.006
1360.94371 15.414 0.006
1365.94348 15.244 0.006
1375.93392 15.594 0.007
1395.90919 15.644 0.007
1400.89504 15.522 0.006
1412.90543 15.640 0.007
1415.91475 15.643 0.007
1430.86952 15.291 0.006
1432.86673 15.631 0.007
1433.90406 15.344 0.006
1435.77072 15.589 0.007
1437.76441 15.564 0.006
1440.81090 15.608 0.006
1443.85394 15.638 0.006
1446.88611 15.648 0.007
1448.77718 15.522 0.007
1454.79674 15.609 0.008
1458.81279 15.231 0.006
1459.84025 15.485 0.006
1462.75159 15.500 0.006
1470.79192 15.396 0.006
1475.79158 15.246 0.006
1477.67613 15.635 0.007
1479.71700 15.502 0.006
1484.73270 15.368 0.006
1487.75838 15.413 0.006
1491.68651 15.623 0.006
1493.83842 15.523 0.006
1494.73199 15.662 0.006
1497.78788 15.576 0.006
1499.69566 15.552 0.006
1502.69096 15.592 0.006
1503.84086 15.218 0.006
1505.73135 15.629 0.006
1507.80255 15.499 0.007
1510.77861 15.525 0.006
1512.73762 15.337 0.006
1514.84886 15.437 0.006
1515.70298 15.361 0.006
1517.73466 15.345 0.006
1518.83960 15.441 0.006
1521.69373 15.454 0.006
1523.64074 15.248 0.006
1525.74474 15.654 0.006
1527.73746 15.528 0.006
1528.81658 15.550 0.006
1529.68074 15.335 0.006
1531.79811 15.373 0.006
1538.75437 15.484 0.006
1542.67824 15.654 0.006
1544.72088 15.553 0.006
1547.79322 15.590 0.006
1548.77095 15.300 0.006
1549.78968 15.426 0.006
1552.68880 15.442 0.006
1553.76449 15.656 0.006
1554.77970 15.264 0.006
1555.76671 15.503 0.006
1561.55985 15.541 0.006
1562.76607 15.421 0.006
1564.65496 15.589 0.006
1567.61248 15.607 0.006
1570.57962 15.624 0.006
1573.61991 15.659 0.006
1576.60525 15.620 0.006
1579.66820 15.421 0.006
1581.71989 15.614 0.006
1583.71877 15.441 0.006
1585.65388 15.233 0.006
1588.60404 15.267 0.006
1591.68177 15.332 0.006
1593.60073 15.575 0.006
1595.70613 15.594 0.006
1599.67839 15.216 0.006
1600.69193 15.467 0.006
1604.54258 15.643 0.006
1606.51732 15.509 0.006
1609.61793 15.565 0.006
1610.58079 15.504 0.006
1611.65142 15.399 0.006
1613.55739 15.331 0.006
1615.50365 15.595 0.006
1617.50310 15.439 0.006
1619.52564 15.250 0.006
1621.49820 15.661 0.007
1623.49664 15.521 0.006
1625.49861 15.330 0.006
1627.49875 15.500 0.006
1629.54367 15.601 0.006
1630.55251 15.242 0.006
1632.49903 15.616 0.006
1634.53912 15.473 0.006
1635.61062 15.655 0.006
1645.48774 15.394 0.006
1650.54593 15.264 0.006
1653.54336 15.298 0.006
1655.51707 15.613 0.006
1657.50844 15.549 0.006
1660.53363 15.607 0.007
1662.48454 15.423 0.006
1664.49934 15.214 0.006
1667.55310 15.284 0.006
1671.48247 15.553 0.006
1676.48720 15.392 0.006
1690.49117 15.393 0.006
1768.90844 15.263 0.006
1769.84087 15.480 0.006
1771.87114 15.297 0.006
1773.89398 15.607 0.006
1775.91406 15.564 0.006
1784.90117 15.647 0.006
1789.89564 15.542 0.006
1790.85763 15.583 0.006
1803.88711 15.530 0.006
1809.81319 15.571 0.006
1812.83642 15.618 0.006
1814.85130 15.462 0.006
1818.84420 15.652 0.006
1822.83656 15.364 0.006
1828.86172 15.448 0.006
1829.83297 15.649 0.006
1830.84642 15.244 0.006
1834.88536 15.538 0.006
1846.81188 15.647 0.006
1846.86287 15.656 0.006
1850.79250 15.309 0.006
1851.86782 15.555 0.007
1855.83462 15.407 0.006
1859.76059 15.425 0.006
1863.74239 15.655 0.006
1865.79706 15.524 0.006
1867.76597 15.328 0.006
1869.73936 15.582 0.006
1870.76975 15.368 0.006
1871.85389 15.585 0.006
1873.81357 15.415 0.006
2115.93631 15.384 0.006
2116.93721 15.582 0.007
2122.92136 15.633 0.006
2128.92746 15.626 0.007
2130.91232 15.550 0.006
2131.91416 15.493 0.006
2132.90885 15.378 0.006
2134.91389 15.290 0.006
2135.92482 15.422 0.006
2140.91357 15.275 0.006
2142.90189 15.654 0.007
2143.90948 15.325 0.006
2144.91230 15.542 0.006
2156.88489 15.646 0.007
2161.84991 15.546 0.006
2173.86441 15.651 0.006
2190.80163 15.647 0.006
2192.83588 15.552 0.006
2201.82236 15.633 0.006
2214.80394 15.422 0.006
2224.75954 15.605 0.007
2227.66215 15.541 0.006
2229.67561 15.581 0.006
2230.81981 15.233 0.006
2232.83934 15.631 0.006
2234.83415 15.482 0.006
2237.75457 15.514 0.006
2241.67984 15.597 0.006
2243.73371 15.577 0.006
2248.81430 15.465 0.006
2250.80101 15.266 0.006
2252.66525 15.657 0.006
2254.65634 15.508 0.006
2257.66301 15.546 0.006
2260.66970 15.573 0.006
2264.67509 15.224 0.006
2266.66121 15.623 0.006
2270.65907 15.301 0.006
2271.80926 15.547 0.006
2272.81721 15.478 0.006
2274.64733 15.560 0.006
2276.76481 15.412 0.006
2277.81814 15.626 0.006
2279.83576 15.480 0.006
2280.80929 15.644 0.006
2282.69479 15.476 0.006
2283.86006 15.650 0.006
2288.76751 15.564 0.006
2290.80371 15.400 0.006
2292.77783 15.251 0.006
2296.76981 15.485 0.007
2298.72650 15.271 0.006
2300.73701 15.642 0.006
2302.71364 15.548 0.006
2304.75784 15.363 0.006
2315.64475 15.272 0.006
2323.58860 15.425 0.006
2327.57405 15.434 0.006
2333.58404 15.516 0.007
2339.56040 15.577 0.006
2345.52147 15.638 0.007
2351.49958 15.639 0.007
2369.49709 15.360 0.006
2385.48276 15.540 0.007
2529.82839 15.276 0.006
2539.83086 15.617 0.007
2552.85406 15.397 0.006
2556.84544 15.636 0.006
2560.75386 15.265 0.006
2564.86210 15.551 0.006
2573.85995 15.657 0.006
2578.78433 15.515 0.006
2583.83871 15.398 0.006
2590.74381 15.643 0.006
2596.75643 15.599 0.007
2605.78368 15.252 0.006
2609.75581 15.512 0.006
2614.71785 15.373 0.006
2618.77304 15.621 0.006
2621.69576 15.651 0.006
2624.60386 15.650 0.007
2627.69980 15.627 0.007
2629.72274 15.566 0.007
2635.69591 15.626 0.006
2638.66690 15.648 0.006
2640.76380 15.523 0.006
2642.72260 15.325 0.006
2644.72530 15.539 0.006
2646.70083 15.575 0.006
2650.73508 15.229 0.006
2652.78900 15.651 0.006
2654.75142 15.502 0.006
2656.66072 15.285 0.006
2658.62247 15.649 0.007
2660.64079 15.548 0.006
2662.65173 15.373 0.006
2664.63042 15.360 0.006
2666.69516 15.631 0.006
2668.68128 15.463 0.006
2670.64338 15.270 0.006
2672.78217 15.617 0.006
2674.68293 15.549 0.006
2676.67201 15.352 0.006
2678.72530 15.346 0.006
2680.63604 15.601 0.006
2682.68467 15.448 0.006
2687.56098 15.265 0.006
2693.52022 15.350 0.006
2696.55689 15.404 0.006
2701.53850 15.247 0.006
2707.54029 15.343 0.006
2714.53240 15.623 0.007
2839.90897 15.300 0.006
2885.85768 15.502 0.006
2892.88620 15.355 0.006
2897.85516 15.634 0.007
2903.90095 15.601 0.006
2907.77537 15.369 0.006
2911.81281 15.618 0.006
2916.86323 15.509 0.006
2922.84691 15.575 0.007
2926.77861 15.276 0.006
2930.84830 15.486 0.006
2934.75027 15.647 0.007
2940.72982 15.426 0.006
2943.73540 15.243 0.006
2947.74402 15.485 0.006
2953.70121 15.546 0.006
2956.72656 15.604 0.006
2958.75289 15.423 0.006
2962.76465 15.643 0.006
2965.78840 15.635 0.006
2968.65427 15.631 0.007
2973.67310 15.597 0.006
2975.85720 15.460 0.006
2976.79163 15.622 0.006
2978.69928 15.476 0.006
2980.71172 15.286 0.006
2982.70444 15.640 0.007
2984.75158 15.547 0.006
2988.80462 15.248 0.006
2989.75988 15.421 0.006
2991.65507 15.242 0.006
2993.64237 15.633 0.006
2995.74333 15.504 0.006
2997.72100 15.305 0.006
2999.68517 15.620 0.006
3001.77999 15.572 0.006
3003.75071 15.402 0.006
3005.71257 15.249 0.006
3007.63393 15.613 0.006
3009.63178 15.456 0.006
3011.73134 15.292 0.006
3013.73553 15.615 0.006
3017.73687 15.367 0.006
3019.66492 15.391 0.006
3021.78349 15.627 0.006
3023.64525 15.434 0.006
3024.84636 15.662 0.006
3027.66252 15.660 0.006
3029.64752 15.511 0.006
3031.71748 15.340 0.006
3033.78111 15.350 0.006
3035.78796 15.609 0.006
3038.76558 15.640 0.007
3041.60606 15.650 0.007
3043.64014 15.502 0.007
3045.70306 15.323 0.006
3047.65678 15.576 0.006
3048.58553 15.346 0.006
3050.60386 15.462 0.006
3052.60101 15.594 0.006
3054.60161 15.451 0.006
3056.59893 15.229 0.006
3058.59295 15.659 0.006
3060.64252 15.514 0.006
3068.52842 15.396 0.006
3070.58935 15.230 0.006
3073.62057 15.288 0.006
3076.52054 15.297 0.006
3078.62954 15.592 0.006
3082.60738 15.390 0.006
3085.50843 15.417 0.006
3087.64667 15.250 0.006
3090.61065 15.289 0.006
3096.52864 15.355 0.006
3099.59791 15.418 0.006
3102.57706 15.445 0.006
3104.56377 15.241 0.006
3110.54551 15.337 0.006
3113.52340 15.387 0.006
3128.49523 15.568 0.006
3140.50295 15.641 0.007
3216.86713 15.464 0.006
3241.91011 15.651 0.006
3248.85229 15.410 0.006
3257.88065 15.524 0.006
3264.80199 15.429 0.006
3270.86874 15.255 0.006
3274.75445 15.522 0.006
3277.87644 15.573 0.006
3281.89645 15.253 0.006
3287.75817 15.265 0.006
3295.71655 15.520 0.006
3301.77009 15.249 0.006
3304.83042 15.296 0.006
3307.70395 15.318 0.006
3309.73618 15.572 0.006
3311.73419 15.576 0.006
3320.77710 15.654 0.006
3327.74911 15.390 0.006
3330.70775 15.441 0.006
3334.80665 15.644 0.007
3338.85512 15.343 0.006
3339.75445 15.537 0.006
3354.77038 15.608 0.006
3358.81657 15.396 0.006
3361.84744 15.446 0.006
3365.74913 15.667 0.006
3372.76554 15.358 0.006
3378.67818 15.434 0.006
3387.66497 15.557 0.007
3391.74596 15.273 0.006
3395.70854 15.470 0.006
3399.71476 15.646 0.006
3403.70206 15.356 0.006
3406.67091 15.383 0.006
3410.62464 15.623 0.006
3415.62184 15.502 0.006
3427.58554 15.624 0.006
3433.60812 15.626 0.006
3438.53736 15.576 0.006
3455.51785 15.599 0.007
3461.51188 15.636 0.006
3575.92977 15.436 0.006
3592.92165 15.448 0.006
3601.92169 15.567 0.006
3619.82363 15.479 0.006
3629.89711 15.521 0.006
3633.86213 15.519 0.006
3639.77461 15.248 0.006
3644.81122 15.664 0.006
3651.75357 15.368 0.006
3654.80191 15.428 0.006
3661.83667 15.640 0.006
3668.80936 15.411 0.006
3672.79764 15.635 0.006
3684.81644 15.234 0.006
3687.79089 15.214 0.006
3690.71071 15.237 0.006
3693.74476 15.300 0.006
3695.77753 15.594 0.006
3698.75926 15.428 0.006
3700.78785 15.593 0.006
3703.71872 15.619 0.006
3705.78588 15.475 0.006
3708.77382 15.517 0.006
3712.73146 15.534 0.006
3714.80167 15.587 0.006
3717.66413 15.586 0.006
3719.83664 15.466 0.006
3721.79756 15.267 0.006
3726.69340 15.622 0.006
3730.72572 15.384 0.006
3732.71776 15.267 0.006
3734.84860 15.632 0.006
3737.74958 15.633 0.006
3739.81957 15.522 0.006
3741.83248 15.345 0.006
3743.72961 15.541 0.006
3746.77208 15.293 0.006
3748.72533 15.608 0.006
3749.73036 15.220 0.006
3751.74223 15.628 0.006
3753.69377 15.475 0.006
3755.69410 15.280 0.006
3757.68462 15.609 0.006
3759.74932 15.565 0.006
3762.77094 15.582 0.006
3765.75804 15.616 0.006
3770.63047 15.491 0.006
3773.69656 15.526 0.006
3776.66687 15.565 0.006
3779.62144 15.585 0.006
3782.73236 15.623 0.006
3787.59826 15.491 0.006
3792.54899 15.344 0.006
3800.53095 15.222 0.006
3809.53824 15.372 0.006
3823.49828 15.343 0.006
3964.87699 15.446 0.006
3969.90105 15.326 0.006
3980.91751 15.231 0.006
3981.87562 15.480 0.006
3989.90419 15.376 0.006
3998.86793 15.472 0.006
3999.83042 15.657 0.006
4001.87946 15.525 0.006
4004.84342 15.559 0.006
4008.72368 15.451 0.006
4011.89053 15.247 0.006
4018.85329 15.547 0.006
4023.88564 15.415 0.006
4026.79383 15.434 0.006
4029.74303 15.465 0.006
4031.81642 15.286 0.006
4038.72442 15.574 0.006
4041.68572 15.586 0.006
4043.69057 15.432 0.006
4046.78230 15.491 0.006
4048.87171 15.341 0.006
4049.65326 15.512 0.006
4052.71462 15.552 0.006
4054.70142 15.368 0.006
4056.75944 15.296 0.006
4058.79177 15.628 0.006
4063.69041 15.483 0.006
4065.86357 15.352 0.006
4066.74772 15.535 0.006
4068.65259 15.329 0.006
4070.67770 15.495 0.006
4073.85150 15.217 0.006
4074.74531 15.446 0.006
4077.79378 15.494 0.006
4079.83872 15.320 0.006
4083.68433 15.556 0.006
4085.75003 15.390 0.006
4093.73455 15.265 0.006
4102.84709 15.434 0.006
4105.80714 15.445 0.006
4109.77704 15.657 0.006
4113.73274 15.325 0.006
4120.76305 15.613 0.006
4122.71956 15.453 0.006
4132.66151 15.499 0.006
4142.71242 15.531 0.007
4156.54752 15.447 0.006
4168.50215 15.592 0.007
4197.48146 15.485 0.006
4341.91385 15.312 0.006
4347.86379 15.387 0.006
4353.79875 15.442 0.006
4358.89707 15.333 0.006
4364.86151 15.414 0.006
4367.88597 15.455 0.006
4371.75122 15.634 0.007
4377.80607 15.511 0.006
4380.82259 15.296 0.006
4386.79827 15.271 0.006
4390.76021 15.527 0.006
4394.71634 15.517 0.006
4399.73431 15.610 0.007
4404.73250 15.508 0.007
4412.71281 15.399 0.006
4418.80622 15.507 0.006
4421.85201 15.547 0.006
4426.74994 15.388 0.006
4429.85639 15.449 0.007
4430.67642 15.603 0.007
4432.73652 15.467 0.006
4436.77642 15.643 0.006
4439.84150 15.473 0.006
4443.72136 15.415 0.007
4449.69242 15.473 0.006
4451.70214 15.293 0.006
4455.70128 15.553 0.007
4457.73173 15.383 0.006
4460.80337 15.445 0.006
4463.72163 15.467 0.006
4466.71063 15.507 0.006
4470.65806 15.599 0.006
4473.70083 15.421 0.006
4477.75926 15.449 0.006
4482.76311 15.309 0.006
4486.74015 15.554 0.006
4491.71438 15.425 0.006
4494.65968 15.453 0.006
4498.69331 15.650 0.006
4501.69057 15.602 0.006
4506.62467 15.579 0.006
4508.64771 15.432 0.006
4510.71642 15.245 0.006
4517.65064 15.541 0.006
4521.63026 15.399 0.006
4524.59385 15.269 0.006
4530.61735 15.303 0.006
4532.64558 15.625 0.006
4535.61458 15.532 0.006
4536.61782 15.379 0.006
4539.49980 15.398 0.006
4541.60896 15.240 0.006
