2166.90333 14.744 0.006
2166.90695 14.741 0.006
2173.82374 14.975 0.006
2173.82739 14.978 0.006
2192.79707 14.942 0.006
2192.80040 14.944 0.006
2201.80985 14.880 0.006
2201.81315 14.887 0.006
2212.84480 15.047 0.006
2223.84615 14.692 0.006
2223.84945 14.697 0.006
2226.82611 15.015 0.006
2229.63805 14.804 0.006
2229.64135 14.803 0.006
2230.77993 14.921 0.006
2232.79638 14.783 0.006
2232.79967 14.792 0.006
2238.76257 14.739 0.006
2238.76587 14.739 0.006
2241.63760 15.049 0.006
2243.69603 14.766 0.006
2243.69933 14.762 0.006
2248.76843 14.781 0.006
2248.77173 14.779 0.006
2251.72586 14.865 0.006
2251.72917 14.867 0.006
2253.80995 14.809 0.006
2253.81325 14.812 0.006
2255.68493 15.028 0.006
2261.70519 14.717 0.006
2261.71420 14.741 0.006
2264.78624 14.975 0.006
2264.78954 14.982 0.006
2269.81964 15.002 0.006
2269.82293 15.000 0.006
2271.76707 14.683 0.006
2271.77035 14.685 0.006
2273.85209 14.902 0.006
2274.63676 15.009 0.006
2276.74387 14.708 0.006
2276.74718 14.717 0.006
2278.64240 14.913 0.006
2278.64571 14.901 0.006
2280.64059 14.810 0.006
2280.64389 14.811 0.006
2282.64916 14.819 0.006
2282.65246 14.837 0.006
2289.78281 14.974 0.006
2289.78613 14.965 0.006
2291.79091 14.778 0.006
2291.79422 14.769 0.006
2293.75664 15.011 0.006
2295.77858 14.697 0.006
2295.78190 14.694 0.006
2297.77191 14.915 0.006
2297.77521 14.894 0.006
2299.81245 14.809 0.006
2299.81577 14.792 0.006
2301.70658 14.821 0.006
2301.70988 14.812 0.006
2303.70276 15.045 0.006
2303.70607 15.030 0.007
2321.65386 14.990 0.006
2327.53239 15.030 0.006
2327.53602 15.022 0.007
2332.56527 15.048 0.007
2332.56891 15.034 0.007
2333.52934 14.720 0.006
2333.53297 14.747 0.007
2339.51756 14.772 0.006
2339.52117 14.749 0.006
2347.51223 14.885 0.006
2347.51586 14.866 0.006
2402.50628 14.851 0.006
2524.90196 14.798 0.006
2542.86381 14.989 0.006
2542.86714 15.005 0.006
2552.81317 15.049 0.006
2556.80478 14.952 0.006
2556.80841 14.953 0.006
2559.85293 14.767 0.006
2559.85653 14.777 0.006
2564.82091 14.778 0.006
2573.82208 14.728 0.006
2573.82539 14.727 0.006
2578.74624 14.741 0.006
2578.74955 14.738 0.006
2583.78172 14.771 0.006
2583.78500 14.769 0.006
2589.82510 14.896 0.006
2589.82867 14.902 0.006
2596.71333 14.817 0.006
2596.71690 14.823 0.006
2605.71460 15.028 0.006
2609.70531 14.986 0.007
2609.70890 14.991 0.006
2614.64001 15.000 0.006
2618.69759 14.913 0.006
2620.82562 14.761 0.006
2623.79652 14.951 0.006
2623.80002 14.943 0.006
2627.66075 14.853 0.006
2629.68427 15.030 0.006
2629.68756 15.018 0.007
2631.70428 14.763 0.006
2634.73288 14.937 0.006
2634.73640 14.917 0.006
2635.60448 14.689 0.006
2635.60778 14.688 0.006
2637.80352 14.907 0.006
2639.62942 14.873 0.006
2641.69546 14.823 0.006
2643.70422 15.033 0.006
2643.70775 15.047 0.006
2645.69310 14.731 0.006
2645.69638 14.724 0.006
2647.65084 14.940 0.006
2647.65414 14.946 0.006
2651.60577 14.854 0.006
2653.63241 15.034 0.006
2653.63571 15.017 0.006
2655.75336 14.784 0.006
2655.75667 14.777 0.006
2657.59837 14.977 0.006
2657.60168 14.983 0.006
2659.61338 14.682 0.006
2659.62102 14.696 0.006
2661.83138 14.908 0.006
2661.83467 14.916 0.006
2663.84544 14.801 0.006
2665.85136 14.837 0.006
2668.60119 14.808 0.006
2670.60549 14.824 0.006
2670.60881 14.841 0.006
2672.59210 15.036 0.006
2672.59541 15.056 0.006
2674.61346 14.745 0.006
2676.59995 14.971 0.006
2678.67272 14.690 0.006
2680.59848 14.865 0.006
2680.60178 14.874 0.006
2682.65136 14.920 0.006
2686.64584 15.028 0.006
2691.58891 15.034 0.006
2695.62474 14.958 0.006
2695.62829 14.948 0.006
2700.58023 14.990 0.006
2706.59766 14.916 0.006
2713.56280 14.817 0.006
2713.56635 14.815 0.006
2840.94313 14.822 0.006
2885.84521 14.788 0.006
2885.84878 14.790 0.006
2892.87477 15.047 0.006
2892.87834 15.053 0.007
2897.84409 15.024 0.006
2897.84767 15.030 0.007
2903.88987 14.700 0.006
2906.89301 14.995 0.006
2906.89655 15.036 0.007
2911.77285 15.024 0.006
2916.82256 15.030 0.006
2916.82613 15.046 0.006
2922.80677 14.701 0.006
2926.73334 14.993 0.006
2930.80789 15.009 0.006
2930.81142 15.008 0.006
2933.85223 14.800 0.006
2933.85576 14.825 0.007
2939.86051 14.947 0.006
2939.86405 14.934 0.006
2942.81110 14.746 0.006
2942.81462 14.746 0.006
2944.85455 14.956 0.006
2944.85807 14.966 0.006
2946.85645 14.684 0.006
2946.85998 14.682 0.006
2949.77089 14.977 0.006
2952.84778 14.787 0.006
2952.85130 14.797 0.006
2956.68621 14.707 0.006
2956.68973 14.698 0.006
2958.71289 14.908 0.006
2962.72462 14.834 0.006
2962.72814 14.820 0.006
2965.74284 14.720 0.006
2967.84240 14.849 0.006
2967.84592 14.855 0.006
2970.80776 14.688 0.006
2970.81128 14.686 0.006
2974.74557 14.941 0.006
2974.74907 14.944 0.006
2976.78028 14.791 0.006
2976.78379 14.794 0.006
2978.76036 15.032 0.006
2978.76385 15.013 0.006
2980.70042 14.709 0.006
2980.70393 14.721 0.006
2982.66319 14.906 0.006
2982.66667 14.913 0.006
2984.71036 14.792 0.006
2984.71390 14.792 0.006
2986.79365 14.846 0.006
2986.79712 14.831 0.006
2988.75771 15.041 0.006
2988.76125 15.035 0.006
2990.62989 14.746 0.006
2992.78047 14.970 0.006
2992.78398 14.967 0.006
2994.62675 14.700 0.006
2994.63027 14.686 0.006
2995.63632 14.766 0.006
2997.64631 14.985 0.006
2997.64981 14.977 0.006
2999.76503 14.706 0.006
2999.76854 14.692 0.006
3001.73707 14.901 0.006
3001.74057 14.895 0.006
3003.71034 14.857 0.006
3003.71383 14.846 0.006
3005.70109 14.817 0.006
3005.70459 14.813 0.006
3007.71551 15.043 0.006
3007.71902 15.036 0.006
3009.71360 14.742 0.006
3009.71710 14.728 0.006
3011.68295 14.936 0.006
3011.69662 14.938 0.006
3013.68614 14.697 0.006
3013.68966 14.698 0.006
3017.69655 15.000 0.006
3017.70005 14.989 0.006
3019.62416 14.759 0.006
3021.74329 15.008 0.006
3021.74682 14.993 0.006
3023.60525 14.690 0.006
3024.80628 14.809 0.006
3026.80255 15.042 0.006
3026.80610 15.038 0.007
3028.81457 14.740 0.006
3028.81809 14.725 0.006
3031.67655 15.033 0.006
3031.68007 15.028 0.006
3033.74047 14.736 0.006
3035.74786 14.956 0.006
3035.75138 14.941 0.006
3038.72523 14.765 0.006
3038.72876 14.755 0.006
3041.59341 15.001 0.006
3041.59695 15.009 0.007
3043.62880 14.768 0.006
3043.63234 14.763 0.006
3045.66251 14.999 0.006
3047.61656 14.698 0.006
3047.62009 14.693 0.006
3049.62217 14.887 0.006
3049.62570 14.878 0.006
3051.58945 14.862 0.006
3053.58457 14.810 0.006
3053.58813 14.796 0.006
3055.58373 15.044 0.006
3055.58726 15.048 0.006
3057.60855 14.729 0.006
3057.61211 14.712 0.006
3060.63106 15.032 0.006
3060.63462 15.028 0.006
3064.63971 14.983 0.006
3064.64326 14.972 0.007
3067.69387 14.783 0.006
3067.69745 14.790 0.006
3070.54073 14.930 0.006
3070.54430 14.929 0.006
3073.60907 14.914 0.006
3073.61264 14.909 0.007
3075.65665 14.811 0.006
3075.66022 14.825 0.006
3078.57678 14.914 0.006
3078.58036 14.913 0.007
3082.56613 14.826 0.006
3082.56969 14.836 0.006
3084.64306 15.028 0.006
3087.60617 14.865 0.006
3087.60970 14.854 0.006
3090.56846 14.694 0.006
3090.57201 14.683 0.006
3099.50466 14.858 0.006
3102.53495 14.928 0.006
3102.53849 14.925 0.006
3105.56873 14.730 0.006
3105.57228 14.735 0.006
3108.54721 15.031 0.006
3108.55077 15.021 0.006
3112.51858 14.975 0.006
3112.52214 14.972 0.006
3116.50584 14.876 0.006
3116.50937 14.874 0.006
3126.51159 14.935 0.006
3126.51516 14.931 0.006
3146.47769 15.037 0.007
3241.89908 14.983 0.006
3241.90262 14.979 0.006
3256.91046 15.050 0.006
3256.91397 15.038 0.006
3263.88529 14.775 0.006
3263.88880 14.764 0.006
3268.90089 14.787 0.006
3268.90440 14.786 0.006
3273.87613 14.812 0.006
3273.87962 14.820 0.006
3277.86535 14.742 0.006
3277.86885 14.723 0.006
3281.85543 14.713 0.006
3281.85890 14.725 0.006
3287.72048 14.748 0.006
3289.86913 14.990 0.006
3289.87266 15.009 0.006
3294.86459 15.023 0.006
3296.87234 14.702 0.006
3296.87585 14.731 0.006
3299.72359 15.033 0.006
3301.72330 14.719 0.006
3304.78600 15.041 0.006
3304.78947 15.039 0.006
3306.86699 14.753 0.006
3306.87048 14.744 0.006
3309.69634 15.036 0.006
3311.69409 14.764 0.006
3311.69757 14.757 0.006
3320.73687 14.720 0.006
3327.70590 14.936 0.006
3329.85651 14.669 0.006
3329.85997 14.680 0.006
3334.76245 14.685 0.006
3334.76593 14.691 0.006
3338.81258 14.900 0.006
3338.81602 14.901 0.006
3350.64439 14.825 0.006
3354.64459 14.733 0.006
3358.69805 14.673 0.006
3358.70151 14.691 0.006
3361.80348 14.998 0.006
3361.80694 14.991 0.006
3363.75327 14.688 0.006
3363.75674 14.704 0.006
3367.70706 14.854 0.006
3372.72550 14.741 0.006
3372.72897 14.751 0.006
3378.63822 14.742 0.006
3378.64168 14.748 0.006
3383.76758 14.757 0.006
3383.77106 14.769 0.006
3387.62457 14.690 0.006
3387.62804 14.693 0.006
3391.70578 14.818 0.006
3391.70926 14.830 0.006
3395.69722 15.041 0.006
3399.67332 14.935 0.006
3399.67679 14.942 0.006
3402.69018 14.751 0.006
3404.62074 14.944 0.006
3404.62420 14.969 0.006
3408.57137 14.858 0.006
3408.57485 14.873 0.006
3412.61674 14.771 0.006
3412.62020 14.776 0.006
3416.60015 14.690 0.006
3416.61067 14.706 0.006
3424.60325 15.027 0.006
3424.60671 15.040 0.006
3431.50489 14.763 0.006
3431.50834 14.765 0.006
3437.51591 14.886 0.006
3437.51937 14.889 0.006
3445.52066 14.723 0.006
3445.52415 14.733 0.006
3453.54238 14.999 0.006
3453.54588 14.995 0.006
3462.51768 15.014 0.006
3462.52119 15.017 0.006
3589.93457 14.810 0.006
3629.85957 14.984 0.006
3634.82492 15.009 0.006
3639.87436 15.029 0.006
3639.87783 15.033 0.006
3641.86874 14.733 0.006
3650.86404 14.691 0.006
3653.89190 15.012 0.006
3657.84163 14.896 0.006
3657.84509 14.907 0.006
3661.82552 14.805 0.006
3661.82902 14.821 0.006
3671.85456 14.848 0.006
3675.83712 14.767 0.006
3675.84058 14.777 0.006
3683.85826 14.808 0.006
3683.86169 14.847 0.006
3687.75097 15.010 0.006
3687.75441 15.041 0.006
3689.85143 14.728 0.006
3692.77870 15.054 0.006
3694.79021 14.753 0.006
3694.79363 14.754 0.006
3696.73611 14.970 0.006
3699.73524 14.752 0.006
3699.73868 14.764 0.006
3701.78821 14.985 0.006
3701.79166 14.994 0.006
3704.69530 14.786 0.006
3704.69872 14.786 0.006
3706.82408 15.018 0.006
3706.82750 15.013 0.006
3711.69773 15.024 0.006
3711.70115 15.043 0.006
3713.71149 14.728 0.006
3713.71490 14.753 0.006
3716.81062 15.023 0.006
3719.79153 14.867 0.006
3719.79496 14.878 0.006
3721.75469 15.002 0.006
3725.78322 15.006 0.006
3725.78663 15.019 0.006
3727.76141 14.708 0.006
3730.65334 14.999 0.006
3732.67783 14.701 0.006
3732.68125 14.714 0.006
3734.77580 14.921 0.006
3736.79221 14.726 0.006
3736.79561 14.735 0.006
3737.68073 14.731 0.006
3737.68418 14.726 0.006
3739.77976 14.946 0.006
3742.60281 14.750 0.006
3742.60624 14.749 0.006
3745.71551 14.994 0.006
3745.71895 14.989 0.006
3747.74382 14.790 0.006
3747.74724 14.798 0.006
3749.62662 14.997 0.006
3749.63005 15.003 0.006
3751.73078 14.700 0.006
3751.73425 14.700 0.006
3753.60240 14.894 0.006
3753.60584 14.891 0.006
3755.63993 14.847 0.006
3755.64337 14.856 0.006
3757.67338 14.819 0.006
3757.67684 14.810 0.006
3759.73807 15.036 0.006
3759.74153 15.035 0.006
3762.72536 14.853 0.006
3762.72883 14.836 0.006
3765.74393 14.684 0.006
3765.74739 14.679 0.006
3770.58545 14.690 0.006
3773.59281 14.997 0.006
3776.59184 14.787 0.006
3779.58191 14.852 0.006
3782.63161 14.914 0.006
3787.55744 14.945 0.006
3787.56088 14.986 0.006
3791.60370 14.858 0.006
3791.60719 14.861 0.006
3799.52824 14.707 0.006
3821.50628 15.003 0.006
3821.50978 14.995 0.006
3945.93097 14.979 0.006
3963.92703 14.859 0.006
3963.93049 14.872 0.006
3969.85747 14.989 0.006
3969.86094 14.984 0.007
3975.90751 14.869 0.006
3975.91095 14.873 0.006
3981.84017 14.734 0.006
3995.89055 14.716 0.006
4001.84361 14.812 0.006
4005.81802 14.731 0.006
4005.82146 14.725 0.006
4007.82546 14.945 0.006
4011.82221 14.849 0.006
4011.82563 14.848 0.006
4018.81714 14.953 0.006
4023.84926 14.850 0.006
4026.75559 14.913 0.006
4029.69554 14.737 0.006
4029.69894 14.727 0.006
4031.77950 14.941 0.006
4038.68529 14.713 0.006
4038.68868 14.698 0.006
4040.85549 14.897 0.006
4042.87125 14.905 0.006
4046.74622 15.024 0.006
4048.83570 14.735 0.006
4052.67788 14.825 0.006
4054.64757 14.839 0.006
4056.72243 15.053 0.006
4058.65708 14.755 0.006
4058.66049 14.743 0.006
4063.65110 14.765 0.006
4063.65447 14.765 0.006
4066.65228 14.978 0.006
4069.71789 14.903 0.006
4071.64650 14.894 0.006
4076.71537 14.787 0.006
4079.73146 14.961 0.006
4083.64499 14.868 0.006
4083.64837 14.858 0.006
4085.71031 15.010 0.006
4085.71370 15.006 0.006
4092.82763 14.808 0.006
4092.83103 14.831 0.006
4112.69915 14.879 0.006
4112.70252 14.879 0.006
4117.69139 14.904 0.006
4121.66741 14.823 0.006
4124.74690 14.739 0.006
4124.75029 14.738 0.006
4129.75945 14.672 0.006
4142.61849 15.032 0.006
4142.62193 15.019 0.007
4150.62896 14.838 0.006
4155.52029 14.857 0.006
4166.55261 15.030 0.007
4196.49867 14.761 0.006
4341.87470 14.797 0.006
4347.82460 14.923 0.006
4351.87051 14.838 0.006
4351.87395 14.850 0.006
4357.88246 14.997 0.006
4357.88592 14.986 0.007
4363.80706 14.871 0.006
4363.81049 14.877 0.006
4366.85768 14.914 0.006
4366.86112 14.909 0.006
4369.90159 14.732 0.006
4372.80110 15.041 0.006
4372.80453 15.046 0.006
4376.89494 14.985 0.007
4386.75905 15.004 0.006
4386.76247 15.010 0.006
4393.76998 14.722 0.006
4393.77336 14.732 0.006
4398.84960 14.756 0.006
4403.85600 14.791 0.006
4411.78495 14.854 0.006
4411.84663 14.843 0.006
4418.73577 14.838 0.006
4422.83236 14.766 0.006
4429.77487 15.019 0.007
4432.70050 14.787 0.006
4436.73990 14.720 0.006
4439.80560 15.047 0.007
4443.67192 14.943 0.006
4443.67529 14.948 0.006
4448.82591 14.980 0.006
4448.82931 14.998 0.006
4451.66948 14.781 0.006
4455.66489 14.700 0.006
4455.66828 14.693 0.006
4457.72042 14.906 0.006
4457.72380 14.907 0.006
4464.71656 14.763 0.006
4467.70907 14.957 0.006
4471.75195 14.873 0.006
4471.75532 14.869 0.006
4476.67447 14.875 0.006
4480.67427 14.794 0.006
4480.67767 14.794 0.006
4484.75670 14.731 0.006
4488.67582 14.745 0.006
4488.67923 14.746 0.006
4493.67796 14.706 0.006
4493.68138 14.702 0.006
4498.65927 14.691 0.006
4501.65231 15.013 0.006
4506.58714 15.028 0.006
4506.59042 15.035 0.006
4508.60043 14.732 0.006
4510.68009 14.943 0.006
4519.69795 14.882 0.006
4521.54161 14.992 0.006
4521.54506 15.019 0.007
4524.58554 14.885 0.006
4530.60969 15.042 0.006
4532.63798 14.715 0.006
4537.59960 14.727 0.006
4540.65078 15.047 0.007
