2167.89750 14.770 0.006
2193.81977 14.968 0.006
2202.81910 15.091 0.006
2215.77230 15.184 0.006
2221.85050 14.784 0.006
2224.82039 14.567 0.006
2227.73123 15.099 0.006
2229.73699 14.700 0.006
2231.70525 15.071 0.006
2233.67352 14.662 0.006
2239.65392 15.017 0.006
2241.74559 14.616 0.006
2243.81060 15.016 0.006
2248.67259 15.136 0.006
2250.76154 14.763 0.006
2252.73094 15.124 0.006
2254.72198 14.723 0.006
2257.72599 14.833 0.006
2260.74771 15.076 0.006
2265.78032 15.105 0.006
2266.77086 14.644 0.006
2270.79693 14.621 0.006
2272.64649 14.979 0.006
2274.77385 14.574 0.006
2276.83178 14.980 0.006
2278.78864 14.553 0.006
2280.77139 14.952 0.006
2282.76859 14.606 0.006
2289.83105 15.087 0.006
2291.81709 14.678 0.006
2293.78598 15.043 0.006
2295.80986 14.648 0.006
2297.79592 15.023 0.006
2300.82096 14.821 0.006
2302.78220 15.171 0.006
2304.81967 14.794 0.006
2315.70598 14.918 0.006
2324.57165 14.593 0.006
2328.55351 14.565 0.006
2334.54673 14.932 0.006
2340.54339 14.962 0.006
2373.49593 15.151 0.006
2385.55905 15.161 0.006
2534.89158 15.174 0.006
2539.89872 14.567 0.006
2545.86657 14.926 0.006
2553.75872 14.847 0.006
2557.82675 14.830 0.006
2561.82482 14.790 0.006
2565.82690 14.765 0.006
2574.78911 14.903 0.006
2578.84550 14.884 0.006
2584.74129 15.176 0.006
2590.81826 14.785 0.006
2596.82469 15.123 0.006
2606.72122 14.653 0.006
2609.82979 15.129 0.006
2614.79653 14.601 0.006
2619.67257 14.757 0.006
2621.80053 15.149 0.006
2624.69755 14.923 0.006
2627.78884 14.724 0.006
2629.81564 15.096 0.006
2632.70973 14.871 0.006
2635.81028 14.661 0.006
2638.80344 15.150 0.006
2641.77163 15.008 0.006
2643.77785 14.589 0.006
2645.77357 14.986 0.006
2647.70258 14.561 0.006
2650.78428 15.149 0.006
2653.65642 14.920 0.006
2655.71314 14.814 0.006
2657.64795 14.883 0.006
2659.80174 14.892 0.006
2660.71202 14.672 0.006
2662.71797 15.043 0.006
2664.73341 14.647 0.006
2666.78728 15.030 0.006
2668.77880 14.626 0.006
2675.80586 15.164 0.006
2679.81153 15.136 0.006
2682.73375 14.933 0.006
2687.63312 15.053 0.006
2692.57596 15.179 0.006
2697.52231 14.567 0.006
2702.52116 14.747 0.006
2708.54992 15.095 0.006
2724.51978 14.981 0.006
2871.91126 14.622 0.006
2884.87090 14.728 0.006
2890.89288 15.073 0.006
2896.84555 14.635 0.006
2902.78017 14.980 0.006
2911.88873 15.125 0.006
2917.79225 14.679 0.006
2923.79440 15.032 0.006
2926.84750 14.843 0.006
2931.77599 14.982 0.006
2934.81641 14.768 0.006
2940.79679 15.111 0.006
2943.80097 14.910 0.006
2947.80951 14.881 0.006
2950.72347 14.629 0.006
2954.74673 14.605 0.006
2956.79228 15.004 0.006
2958.83688 14.604 0.006
2962.83114 14.559 0.006
2965.84033 15.138 0.006
2967.78008 14.723 0.006
2970.83404 14.731 0.006
2974.77207 15.019 0.006
2976.66156 14.850 0.006
2979.64497 14.604 0.006
2983.77312 14.604 0.006
2985.82085 14.995 0.006
2987.71959 14.570 0.006
2989.66228 14.948 0.006
2991.73452 14.565 0.006
2993.74225 14.938 0.006
2995.81747 14.607 0.006
2997.78638 14.916 0.006
2998.73390 15.090 0.006
3000.73640 14.694 0.006
3002.72432 15.059 0.006
3004.72721 14.658 0.006
3006.72017 15.035 0.006
3008.73461 14.622 0.006
3010.78106 15.011 0.006
3011.79738 15.178 0.006
3016.73103 14.557 0.006
3018.76143 14.966 0.006
3020.82518 14.564 0.006
3023.71112 15.100 0.006
3025.68275 14.702 0.006
3027.72819 15.090 0.006
3029.71305 14.680 0.006
3031.78341 15.071 0.006
3034.61476 14.833 0.006
3036.64513 15.182 0.006
3039.58702 14.981 0.006
3042.69455 14.783 0.006
3044.63399 15.148 0.006
3046.61997 14.743 0.006
3047.72231 14.960 0.006
3048.65340 15.125 0.006
3049.67696 14.638 0.006
3051.64628 14.921 0.006
3053.62151 14.908 0.006
3055.63855 14.889 0.006
3057.66369 15.049 0.006
3059.60833 14.850 0.006
3061.60059 15.173 0.006
3066.57018 14.604 0.006
3068.59806 14.972 0.006
3070.66839 14.571 0.006
3073.68668 15.156 0.006
3076.61042 14.932 0.006
3079.58947 14.711 0.006
3082.67946 14.850 0.006
3085.57924 15.054 0.006
3088.53951 14.834 0.006
3091.52239 14.589 0.006
3096.57090 14.782 0.006
3100.50190 14.744 0.006
3103.52014 14.688 0.006
3106.54140 15.092 0.006
3109.52701 14.884 0.006
3112.58248 14.669 0.006
3116.56055 14.634 0.006
3127.55769 15.150 0.006
3133.51819 14.726 0.006
3223.91645 14.571 0.006
3242.86735 15.005 0.006
3249.91474 14.780 0.006
3264.86829 15.110 0.006
3271.81605 15.007 0.006
3274.82004 14.797 0.006
3278.89301 14.773 0.006
3282.78520 14.729 0.006
3287.82416 14.899 0.006
3291.76144 14.868 0.006
3295.78192 14.834 0.006
3297.77402 15.176 0.006
3299.84209 14.823 0.006
3301.83545 15.173 0.006
3305.74445 15.133 0.006
3307.76930 14.736 0.006
3309.80572 15.120 0.006
3311.79936 14.727 0.006
3320.86277 14.869 0.006
3327.81521 14.598 0.006
3330.79127 15.163 0.006
3336.64368 14.721 0.006
3339.82214 14.695 0.006
3353.81587 14.838 0.006
3357.75653 14.790 0.006
3360.73326 14.562 0.006
3365.85269 14.743 0.006
3373.81676 14.684 0.006
3378.74355 14.841 0.006
3394.62670 14.704 0.006
3399.78044 14.909 0.006
3403.76754 14.872 0.006
3408.69072 15.006 0.006
3417.63082 15.129 0.006
3427.58121 14.655 0.006
3434.51868 15.166 0.006
3440.54283 14.752 0.006
3447.51203 14.807 0.006
3456.53758 14.642 0.006
3469.49247 14.746 0.006
3478.48500 14.888 0.006
3601.89545 14.704 0.006
3619.89816 14.968 0.006
3630.77954 14.675 0.006
3636.83699 15.044 0.006
3640.78690 14.999 0.006
3651.82076 14.746 0.006
3654.86697 14.716 0.006
3658.83065 14.967 0.006
3661.87639 15.056 0.006
3665.84960 15.028 0.006
3670.81920 15.176 0.006
3673.82948 14.970 0.006
3676.82962 14.755 0.006
3685.76898 14.899 0.006
3687.85572 14.967 0.006
3690.77765 15.043 0.006
3693.81328 14.847 0.006
3695.84438 15.157 0.006
3698.83404 15.002 0.006
3701.70299 14.764 0.006
3703.78678 15.146 0.006
3705.85097 14.771 0.006
3708.83870 14.614 0.006
3712.79625 14.864 0.006
3715.76191 15.059 0.006
3718.69773 14.847 0.006
3720.84751 15.129 0.006
3724.76512 15.165 0.006
3728.74315 15.159 0.006
3731.80622 14.960 0.006
3733.66898 14.665 0.006
3735.65683 14.911 0.006
3737.81535 14.657 0.006
3740.77871 15.087 0.006
3742.78923 14.687 0.006
3745.82126 15.042 0.006
3747.82404 14.861 0.006
3749.77133 15.164 0.006
3751.78518 14.828 0.006
3753.73457 15.175 0.006
3755.73465 14.787 0.006
3757.72438 15.148 0.006
3759.81466 14.775 0.006
3763.68668 14.718 0.006
3766.70328 14.842 0.006
3770.73083 15.001 0.006
3773.76209 15.053 0.006
3776.73644 14.847 0.006
3783.60371 14.562 0.006
3788.57792 14.729 0.006
3793.58347 14.901 0.006
3801.51924 14.822 0.006
3811.50995 15.127 0.006
3826.49496 14.849 0.006
3958.88503 14.792 0.006
3965.85482 14.631 0.006
3970.87493 14.710 0.006
3982.82569 14.601 0.006
3999.86991 14.702 0.006
4003.74581 14.646 0.006
4006.76695 15.173 0.006
4008.78786 14.836 0.006
4013.79947 14.977 0.006
4019.80063 14.585 0.006
4026.86268 15.094 0.006
4029.80703 14.885 0.006
4032.84360 14.660 0.006
4039.67585 15.167 0.006
4041.74955 14.786 0.006
4043.75457 15.156 0.006
4046.84772 14.963 0.006
4049.71784 14.717 0.006
4052.77918 14.792 0.006
4054.76531 14.906 0.006
4056.82447 14.939 0.006
4059.71922 15.038 0.006
4064.78772 15.178 0.006
4066.78682 14.824 0.006
4069.73993 14.570 0.006
4071.66789 14.953 0.006
4076.74007 15.130 0.006
4079.78157 14.920 0.006
4082.82945 14.711 0.006
4084.79473 15.079 0.006
4086.81977 14.691 0.006
4103.65542 14.728 0.006
4106.57619 14.930 0.006
4111.79855 14.707 0.006
4117.73915 15.035 0.006
4127.66775 14.558 0.006
4132.75669 14.745 0.006
4143.54394 15.176 0.006
4157.54270 14.725 0.006
4168.57699 15.121 0.006
4198.52959 14.623 0.006
4343.86249 14.681 0.006
4348.83137 14.842 0.006
4353.86273 14.994 0.006
4358.81475 15.145 0.006
4364.90110 14.745 0.006
4367.87495 14.758 0.006
4370.89664 15.088 0.006
4373.85261 14.882 0.006
4378.75605 15.008 0.006
4381.74423 14.801 0.006
4386.86211 14.980 0.006
4390.82409 14.940 0.006
4394.87069 14.931 0.006
4399.79841 15.073 0.006
4408.70341 15.174 0.006
4412.78579 15.166 0.006
4423.73615 14.895 0.006
4427.73820 14.878 0.006
4430.74152 14.642 0.006
4433.75908 15.175 0.006
4437.75704 15.170 0.006
4440.70129 14.965 0.006
4443.79373 14.763 0.006
4449.76467 15.104 0.006
4451.80028 14.710 0.006
4455.76567 14.677 0.006
4457.79690 15.060 0.006
4459.76412 14.652 0.006
4463.76085 14.616 0.006
4465.77761 15.003 0.006
4468.74187 14.786 0.006
4470.69740 15.142 0.006
4473.74056 14.948 0.006
4476.76152 14.738 0.006
4482.80240 15.082 0.006
4485.79275 14.874 0.006
4490.63999 15.002 0.006
4494.70605 14.982 0.006
4498.73026 14.953 0.006
4501.72762 14.752 0.006
4506.66162 14.907 0.006
4508.68848 14.936 0.006
4509.75259 14.684 0.006
4512.72230 15.075 0.006
4518.66249 14.818 0.006
4521.70303 14.581 0.006
4523.68205 14.961 0.006
4525.64666 14.561 0.006
4531.63038 14.915 0.006
4534.55926 14.681 0.006
4537.67504 14.987 0.006
4539.59433 14.856 0.006
4542.51171 14.607 0.006
