 726.83994 15.236 0.006
 729.73534 15.118 0.007
 741.78794 15.250 0.007
 744.78269 15.142 0.007
 745.86728 15.286 0.007
 746.80345 15.368 0.007
 747.74760 15.025 0.006
 748.70516 15.176 0.007
 749.83925 15.329 0.007
 750.81593 15.165 0.007
 751.81365 15.087 0.006
 753.82121 15.357 0.006
 754.76413 15.019 0.007
 759.67336 15.151 0.006
 761.80826 15.298 0.008
 761.82338 15.294 0.007
 769.79667 14.989 0.006
 776.78473 15.213 0.007
 778.81385 15.233 0.007
 780.79358 15.012 0.006
 782.77313 15.256 0.007
 789.80549 15.204 0.007
 792.71199 15.078 0.007
 795.79741 14.987 0.006
 796.75154 15.139 0.007
 798.81621 15.375 0.007
 817.72033 15.178 0.006
 824.73865 15.381 0.007
 826.70332 15.159 0.006
 827.70372 15.297 0.007
 828.69365 15.317 0.007
 830.76912 15.223 0.007
 831.55986 15.308 0.007
 832.54263 15.224 0.007
 833.56201 15.081 0.006
 834.66803 15.242 0.007
 834.80024 15.254 0.007
 835.65906 15.370 0.007
 837.67918 15.137 0.006
 838.72730 15.291 0.007
 839.67765 15.375 0.007
 841.72064 15.192 0.007
 842.75679 15.313 0.007
 843.79396 15.147 0.006
 844.53653 15.058 0.006
 846.78377 15.373 0.007
 850.77436 15.390 0.007
 855.67169 15.050 0.007
 856.74468 15.203 0.007
 857.74242 15.342 0.007
 858.72898 15.086 0.006
 859.77219 15.100 0.006
 860.61828 15.228 0.007
 874.58291 15.102 0.006
 876.61774 15.377 0.007
 876.71989 15.384 0.006
 878.62501 15.158 0.006
 880.64147 15.364 0.007
 885.55316 15.084 0.007
 887.68601 15.370 0.007
 890.70952 15.271 0.007
 891.54112 15.383 0.007
 892.50925 14.991 0.007
 893.67535 15.172 0.007
 896.52499 15.034 0.006
 900.57869 15.097 0.006
 909.59810 15.299 0.008
 919.57975 15.162 0.007
 925.58767 15.146 0.007
 931.59045 15.277 0.008
 934.53922 15.174 0.007
 937.55618 15.063 0.007
 950.53292 15.318 0.007
 952.52369 15.083 0.006
 953.50433 15.217 0.007
 963.48665 15.052 0.007
1074.83671 15.021 0.006
1076.81842 15.303 0.007
1080.77697 15.327 0.007
1083.84019 15.255 0.006
1084.83623 15.372 0.006
1086.86105 15.149 0.006
1090.74154 15.173 0.007
1092.75848 15.229 0.007
1093.80043 15.075 0.006
1106.78452 15.330 0.006
1108.80315 15.093 0.006
1114.81148 15.376 0.006
1120.75921 15.217 0.007
1126.78022 14.991 0.006
1129.84240 15.312 0.006
1132.83805 15.332 0.007
1135.78748 15.246 0.006
1140.83657 15.375 0.007
1142.78815 15.176 0.006
1152.74592 14.982 0.007
1154.77103 15.281 0.006
1156.73597 15.041 0.006
1158.80457 15.316 0.007
1160.80197 15.094 0.006
1164.78396 15.130 0.006
1165.82967 15.272 0.006
1167.75287 15.000 0.006
1168.71222 15.161 0.007
1171.75398 15.067 0.006
1175.75320 15.109 0.006
1179.80347 15.153 0.006
1181.76439 15.366 0.007
1184.71083 15.313 0.006
1187.70233 15.227 0.006
1188.71614 15.352 0.006
1189.76519 15.009 0.006
1191.77940 15.267 0.006
1192.78781 15.383 0.006
1193.82728 15.029 0.006
1194.70287 15.157 0.006
1201.79126 15.100 0.007
1202.80040 15.255 0.007
1204.70683 14.991 0.007
1206.80694 15.291 0.007
1207.71768 15.375 0.007
1208.78074 15.036 0.007
1212.77836 15.080 0.007
1214.68937 15.347 0.007
1215.59413 15.120 0.006
1216.70306 15.112 0.006
1217.75238 15.267 0.007
1218.72739 15.389 0.007
1219.66670 14.994 0.006
1220.77403 15.171 0.007
1221.64010 15.272 0.007
1226.61915 15.214 0.006
1227.62399 15.078 0.006
1230.69084 14.990 0.006
1232.72997 15.275 0.008
1235.62444 15.160 0.007
1238.59603 15.041 0.007
1240.71984 15.344 0.007
1243.68709 15.250 0.007
1245.66392 14.988 0.007
1248.54219 15.386 0.008
1251.54010 15.293 0.008
1255.54933 15.337 0.008
1256.59061 15.054 0.007
1258.62591 15.257 0.007
1259.63353 15.379 0.007
1261.58762 15.147 0.006
1266.52021 15.312 0.007
1267.57483 15.167 0.007
1268.58818 15.090 0.007
1274.59137 15.373 0.008
1277.57621 15.296 0.007
1279.56151 15.058 0.006
1281.58372 15.339 0.007
1289.47338 15.386 0.008
1290.54283 15.031 0.007
1298.47234 15.112 0.007
1301.54661 15.006 0.007
1305.57528 15.057 0.007
1312.55197 14.990 0.007
1317.48501 15.172 0.007
1319.53642 15.234 0.007
1327.47699 14.988 0.009
1329.46411 15.297 0.008
1330.52869 15.340 0.008
1335.48152 15.089 0.007
1431.88038 15.051 0.006
1433.87735 15.316 0.008
1436.79491 15.222 0.007
1439.88614 15.137 0.006
1443.82631 15.175 0.008
1447.83859 15.207 0.007
1449.88039 15.078 0.007
1454.84494 15.140 0.007
1459.81193 15.312 0.006
1461.84997 15.092 0.007
1462.84033 15.229 0.007
1471.83639 15.326 0.007
1476.72903 15.080 0.006
1478.80669 15.369 0.007
1481.84514 15.285 0.007
1484.79488 15.180 0.006
1488.82717 15.219 0.007
1491.80588 15.111 0.007
1494.81127 14.995 0.006
1496.69393 15.269 0.007
1498.71566 15.026 0.006
1502.71173 15.074 0.007
1505.74650 15.012 0.006
1507.74747 15.264 0.007
1508.64968 15.383 0.007
1509.81393 15.023 0.006
1510.83764 15.172 0.007
1511.66915 15.281 0.007
1514.71730 15.207 0.007
1516.68671 15.157 0.006
1518.65871 15.225 0.007
1520.68432 14.988 0.006
1522.76452 15.278 0.007
1523.65753 15.386 0.009
1524.82447 15.047 0.006
1526.66213 15.303 0.007
1527.82839 15.163 0.007
1529.73160 15.225 0.007
1531.83432 14.985 0.006
1538.79048 15.303 0.007
1542.81513 15.068 0.006
1543.84784 15.116 0.006
1544.75697 15.243 0.007
1548.78982 15.277 0.006
1549.80241 15.364 0.007
1552.72574 15.305 0.007
1553.80070 15.193 0.006
1554.81595 15.089 0.006
1555.80992 15.228 0.007
1562.80191 15.165 0.006
1566.65134 15.189 0.007
1568.67297 15.187 0.007
1571.73769 15.366 0.007
1574.78971 15.274 0.006
1576.64355 14.997 0.006
1578.74389 15.303 0.007
1581.69320 15.211 0.007
1583.73250 15.054 0.006
1585.67859 15.243 0.007
1588.65333 15.147 0.007
1591.61705 15.031 0.007
1595.63282 15.069 0.006
1596.74605 15.238 0.007
1599.73799 15.121 0.006
1600.71555 15.273 0.007
1601.74383 15.380 0.007
1602.72534 15.006 0.006
1605.51666 15.371 0.007
1606.69201 15.052 0.006
1609.70544 15.082 0.006
1610.72303 15.099 0.007
1611.70036 15.238 0.007
1613.69101 14.981 0.007
1614.68655 15.143 0.007
1615.70100 15.282 0.007
1617.68224 15.024 0.006
1618.68063 15.181 0.007
1620.49840 15.350 0.008
1621.67753 15.074 0.007
1623.66339 15.348 0.007
1625.66783 15.120 0.007
1626.66883 15.255 0.007
1628.65714 15.010 0.006
1630.67637 15.288 0.007
1633.63968 15.199 0.006
1634.63310 15.320 0.007
1635.64679 15.153 0.007
1644.59690 15.168 0.006
1650.59048 15.110 0.008
1653.55648 15.371 0.007
1655.59225 15.136 0.007
1657.58141 15.372 0.008
1659.58504 15.173 0.007
1662.57452 15.079 0.006
1665.55652 15.041 0.007
1671.53435 15.291 0.007
1684.47624 15.007 0.007
1695.50206 14.977 0.006
1783.90664 15.395 0.007
1788.87954 15.066 0.006
1809.86081 15.390 0.007
1815.86928 15.203 0.007
1822.75093 15.127 0.006
1830.85918 15.228 0.007
1851.80725 15.017 0.007
1858.73913 15.126 0.007
1861.76689 15.366 0.007
1863.80874 15.154 0.006
1866.75942 15.026 0.006
1868.76383 15.317 0.006
1869.79835 15.205 0.007
1872.78187 15.362 0.007
2187.77543 15.232 0.007
2190.87485 15.126 0.006
2193.84406 15.001 0.006
2202.84381 15.255 0.006
2215.79662 15.019 0.006
2222.79648 15.334 0.007
2224.84405 15.201 0.006
2227.75494 15.081 0.006
2229.76067 15.353 0.007
2231.72920 15.121 0.006
2233.69740 15.376 0.006
2237.61661 15.354 0.007
2239.67767 15.207 0.006
2241.76931 15.041 0.006
2243.83958 15.260 0.006
2248.69911 15.368 0.006
2250.73057 15.186 0.006
2252.82764 15.115 0.006
2254.74564 15.228 0.006
2257.76315 15.132 0.006
2260.77274 15.013 0.006
2265.71118 15.212 0.006
2266.79114 15.342 0.006
2270.82265 15.393 0.006
2272.67482 15.135 0.006
2274.80115 15.351 0.007
2276.85651 15.219 0.006
2278.81552 15.143 0.006
2280.79522 15.235 0.006
2282.79904 14.989 0.006
2290.69817 15.046 0.006
2293.81325 15.048 0.006
2295.83711 15.245 0.006
2297.82390 14.989 0.006
2299.84033 15.291 0.007
2301.73443 15.024 0.006
2302.80963 15.196 0.007
2303.73241 15.313 0.007
2321.70253 15.243 0.007
2328.57954 15.157 0.007
2334.57765 15.132 0.006
2340.56931 15.269 0.007
2346.50996 15.053 0.006
2360.50495 15.213 0.007
2391.50593 15.117 0.007
2540.88360 15.210 0.007
2548.82061 15.283 0.007
2553.78728 15.240 0.007
2557.85267 14.997 0.006
2561.85071 15.009 0.006
2565.85910 15.052 0.006
2574.82947 15.273 0.006
2578.87275 15.333 0.007
2586.77124 15.382 0.007
2590.84454 15.324 0.006
2596.85155 15.252 0.007
2606.74781 15.052 0.006
2610.64983 15.087 0.006
2614.81872 15.153 0.006
2619.69540 15.298 0.006
2621.82267 15.061 0.006
2624.71980 15.030 0.006
2627.84251 15.393 0.007
2630.61219 15.274 0.007
2632.76309 15.047 0.006
2636.71292 15.085 0.006
2638.75717 15.374 0.007
2641.80557 15.287 0.006
2643.79997 15.029 0.006
2645.80071 15.329 0.007
2649.67336 15.341 0.006
2651.75311 15.113 0.006
2653.75001 15.381 0.007
2655.78449 15.157 0.006
2657.77666 15.321 0.006
2659.82965 15.221 0.007
2661.62982 15.215 0.006
2666.61372 15.107 0.006
2668.84206 15.357 0.007
2673.78751 15.086 0.006
2676.76782 15.039 0.006
2678.81375 15.266 0.006
2680.70595 14.997 0.006
2684.58517 15.018 0.006
2688.55888 15.060 0.006
2692.53331 15.104 0.006
2697.54825 15.287 0.006
2702.54984 15.199 0.007
2708.57668 15.270 0.006
2725.50920 15.012 0.006
2875.87789 15.264 0.007
2884.89992 15.063 0.006
2890.91986 15.290 0.008
2896.87475 15.078 0.006
2902.80577 15.382 0.006
2912.80966 15.232 0.006
2917.81790 15.378 0.007
2923.82060 15.215 0.006
2926.87302 15.111 0.006
2931.80174 15.289 0.006
2934.84192 15.201 0.006
2940.82219 14.986 0.006
2943.82697 15.375 0.006
2947.83516 15.272 0.006
2950.75152 15.334 0.007
2956.81770 15.152 0.006
2958.86222 15.349 0.007
2963.75362 15.074 0.006
2966.77384 15.008 0.006
2968.74258 15.261 0.006
2971.80455 15.174 0.006
2974.82760 15.056 0.006
2976.68753 15.327 0.007
2979.67142 15.232 0.006
2981.69201 15.008 0.007
2983.82388 15.285 0.007
2985.79095 15.026 0.006
2987.74747 15.312 0.007
2989.68768 15.059 0.006
2991.76154 15.352 0.006
2993.76768 15.118 0.006
2995.84295 15.384 0.006
2997.81412 15.168 0.006
2998.75950 15.292 0.006
3000.76809 15.048 0.006
3002.75965 15.336 0.006
3004.75258 15.090 0.006
3006.74580 15.362 0.006
3010.80649 15.376 0.006
3012.81201 15.196 0.007
3016.75647 15.220 0.006
3018.78713 15.032 0.006
3020.85076 15.264 0.006
3021.87568 15.383 0.007
3023.73703 15.141 0.006
3025.74023 15.359 0.006
3027.75876 15.193 0.006
3029.74319 15.170 0.006
3031.81518 15.246 0.006
3034.64028 15.111 0.006
3036.67051 15.389 0.006
3039.61252 15.284 0.006
3041.69539 15.057 0.006
3042.72044 15.204 0.006
3044.65948 15.133 0.006
3046.64564 15.239 0.006
3048.67881 14.984 0.006
3050.67562 15.276 0.006
3052.67208 15.016 0.006
3054.67759 15.318 0.007
3056.66540 15.063 0.006
3058.65866 15.345 0.006
3060.70812 15.122 0.006
3068.62408 15.196 0.006
3071.52239 15.064 0.006
3074.52206 15.054 0.006
3076.64114 15.287 0.007
3079.63847 15.171 0.006
3082.70614 15.075 0.006
3085.60936 15.095 0.006
3088.56554 15.375 0.007
3091.56989 15.280 0.006
3100.52808 15.046 0.006
3103.53571 15.375 0.006
3106.56810 15.289 0.006
3109.55266 15.191 0.006
3113.57021 15.227 0.006
3127.52815 15.098 0.006
3133.54383 15.359 0.007
3230.91852 14.992 0.006
3242.89286 15.129 0.006
3249.85985 15.044 0.006
3260.85176 15.024 0.006
3264.89374 15.064 0.006
3271.84216 15.009 0.006
3274.84546 15.354 0.006
3279.79905 15.089 0.006
3282.86469 14.986 0.006
3295.80805 15.248 0.006
3297.79949 14.976 0.006
3301.87888 15.048 0.006
3305.76979 15.068 0.006
3307.79462 15.367 0.007
3309.83105 15.122 0.006
3315.86408 15.274 0.006
3321.73116 15.237 0.006
3324.83906 15.146 0.006
3327.84528 15.035 0.006
3336.67085 15.238 0.006
3339.85273 15.167 0.006
3353.75425 15.014 0.006
3357.78193 15.068 0.006
3360.75980 15.069 0.006
3363.83435 15.385 0.006
3370.79164 15.334 0.007
3376.74370 15.120 0.006
3378.76888 15.385 0.006
3387.76676 15.109 0.006
3394.65776 15.011 0.006
3396.67877 15.301 0.006
3399.80598 15.240 0.006
3402.71602 15.106 0.006
3404.64759 15.387 0.007
3409.56445 15.027 0.006
3413.60766 15.072 0.006
3418.55960 15.256 0.006
3426.55111 15.324 0.006
3432.53698 15.134 0.006
3439.51309 15.042 0.006
3447.53856 15.147 0.006
3457.51554 15.008 0.006
3603.86948 15.175 0.006
3620.90580 15.126 0.006
3630.81686 15.305 0.006
3637.75750 15.234 0.006
3640.81345 15.141 0.006
3651.84592 15.123 0.006
3658.85806 15.058 0.006
3660.85542 15.355 0.006
3664.86500 15.383 0.006
3668.84888 15.378 0.006
3672.83755 15.209 0.006
3676.72429 15.096 0.006
3685.79417 15.201 0.006
3688.72831 15.074 0.006
3690.80309 15.371 0.006
3693.70474 15.263 0.006
3696.74717 15.165 0.006
3699.76013 15.064 0.006
3701.81327 15.344 0.006
3703.81195 15.111 0.006
3706.68751 14.989 0.006
3711.72274 15.180 0.006
3713.81064 15.147 0.006
3715.78712 15.227 0.006
3718.75602 15.121 0.006
3722.65092 15.144 0.006
3726.73310 15.209 0.006
3728.79542 15.064 0.006
3730.76518 15.246 0.006
3732.84068 14.992 0.006
3734.83353 15.295 0.006
3735.68192 15.380 0.006
3737.84045 15.186 0.006
3739.85912 15.137 0.006
3741.59740 15.210 0.006
3743.76935 15.011 0.006
3746.81173 15.387 0.006
3748.79046 15.168 0.006
3750.80526 15.287 0.006
3753.67831 15.316 0.006
3755.75995 15.100 0.006
3757.77937 15.389 0.006
3760.75903 15.266 0.006
3763.71197 15.178 0.006
3766.72875 15.054 0.006
3770.75623 15.117 0.006
3774.62962 15.146 0.006
3777.58816 15.010 0.006
3781.75249 15.073 0.006
3786.60485 15.255 0.006
3793.55453 15.182 0.006
3801.54451 15.258 0.006
3811.53711 15.102 0.006
3828.50102 15.373 0.006
3958.93024 15.348 0.006
3965.87978 15.370 0.006
3970.89992 15.015 0.006
3982.85046 15.157 0.006
3993.80358 15.125 0.006
4002.86398 15.336 0.006
4004.88224 15.098 0.006
4006.79177 15.370 0.006
4008.81280 15.136 0.006
4013.82438 15.301 0.006
4019.82713 15.117 0.006
4029.83367 15.142 0.006
4032.86844 15.372 0.006
4039.70059 15.303 0.006
4041.77433 15.065 0.006
4049.74260 15.129 0.006
4052.80410 15.045 0.006
4054.79090 15.318 0.006
4056.84941 15.098 0.006
4059.74402 15.029 0.006
4064.85776 15.176 0.006
4066.81421 15.303 0.006
4068.84905 15.212 0.006
4070.77149 15.103 0.006
4074.81025 14.990 0.006
4077.85909 15.346 0.006
4080.73879 15.327 0.006
4083.72550 15.214 0.006
4085.78906 15.016 0.006
4095.65042 15.317 0.006
4103.78086 15.379 0.006
4106.61161 15.290 0.006
4112.78595 15.121 0.006
4121.78048 15.339 0.006
4126.75997 14.999 0.006
4129.79358 15.382 0.006
4143.57048 15.261 0.006
4157.56966 15.136 0.007
4169.52547 15.251 0.007
4199.49494 15.277 0.007
4343.88739 15.208 0.006
4348.86011 15.374 0.007
4353.88767 15.032 0.006
4358.83984 15.216 0.007
4363.85664 15.391 0.007
4367.84482 15.354 0.007
4371.79434 15.195 0.006
4378.73374 15.390 0.007
4381.76932 15.307 0.007
4386.88689 15.028 0.007
4390.84887 14.990 0.006
4395.71567 15.178 0.006
4399.87431 15.245 0.007
4408.72818 15.351 0.007
4412.81164 15.099 0.007
4427.76317 15.033 0.006
4430.76648 15.386 0.007
4433.78396 15.296 0.007
4437.71057 15.316 0.007
4440.73018 15.235 0.006
4443.84776 15.148 0.007
4449.78953 15.247 0.007
4451.82515 15.223 0.007
4455.79484 15.258 0.006
4458.77350 15.155 0.006
4462.76753 15.189 0.006
4464.81310 15.120 0.006
4467.78422 15.367 0.006
4472.70013 14.995 0.006
4476.78719 15.070 0.006
4480.73760 15.084 0.006
4484.81703 15.156 0.006
4488.73789 15.188 0.006
4492.75718 15.225 0.006
4497.76119 15.382 0.006
4500.63424 15.271 0.006
4502.74408 15.049 0.006
4507.74810 15.243 0.007
4509.69878 14.968 0.006
4512.74748 15.366 0.006
4518.69632 15.215 0.007
4521.73380 15.122 0.006
4524.63341 14.987 0.006
4530.65950 15.314 0.006
4533.62515 15.230 0.006
4534.62802 15.366 0.006
4538.64264 15.386 0.007
4542.55071 15.362 0.007
