2167.87173 15.035 0.006
2186.84550 15.229 0.006
2190.83091 15.286 0.006
2192.87354 15.016 0.006
2193.79512 15.196 0.006
2202.79458 14.850 0.006
2214.84223 15.117 0.006
2224.79666 14.950 0.006
2227.70753 14.858 0.006
2229.71301 15.209 0.006
2231.68136 14.896 0.006
2233.64970 15.262 0.006
2236.66205 15.177 0.006
2239.63007 15.049 0.006
2241.71700 15.210 0.006
2243.78688 15.169 0.006
2247.85258 15.230 0.006
2248.85526 15.237 0.006
2250.78760 15.139 0.006
2252.70639 14.934 0.006
2254.69754 15.184 0.006
2257.70181 15.089 0.006
2260.70724 14.954 0.006
2264.71769 15.044 0.006
2266.69861 15.282 0.006
2270.76576 14.846 0.006
2271.84682 15.035 0.006
2272.75196 15.204 0.006
2274.74351 14.899 0.006
2276.80490 15.284 0.006
2278.66914 14.968 0.006
2280.74750 15.323 0.006
2282.74340 15.067 0.006
2289.80686 15.052 0.006
2294.79142 15.308 0.006
2298.80576 15.334 0.006
2300.78337 15.100 0.006
2302.75649 15.091 0.006
2315.68225 15.197 0.006
2324.54046 14.854 0.006
2328.52739 14.910 0.006
2340.51749 15.170 0.006
2364.51016 14.942 0.006
2385.52764 14.835 0.006
2529.87176 15.044 0.006
2539.87173 14.888 0.006
2545.83858 15.338 0.006
2552.89744 15.313 0.006
2556.88611 15.333 0.006
2560.79534 15.115 0.006
2561.79685 14.973 0.006
2565.80298 15.061 0.006
2574.75304 15.341 0.006
2578.82138 14.989 0.006
2586.74377 14.953 0.006
2590.79205 15.026 0.006
2596.79876 14.922 0.006
2605.83855 15.176 0.006
2609.80359 15.246 0.006
2610.63614 15.336 0.006
2610.74162 15.318 0.006
2610.84798 15.237 0.006
2611.64822 14.906 0.006
2611.71853 14.941 0.006
2613.62940 15.276 0.006
2613.70724 15.287 0.006
2614.67741 14.977 0.006
2614.76078 14.901 0.006
2614.85236 14.851 0.006
2615.66143 14.991 0.006
2615.78356 15.019 0.006
2615.84128 15.028 0.006
2617.74454 15.344 0.006
2617.85300 15.321 0.006
2618.66671 14.873 0.006
2618.76029 14.892 0.006
2619.62341 15.063 0.006
2619.73018 15.089 0.006
2619.85452 15.112 0.006
2620.65334 15.249 0.006
2620.73853 15.272 0.006
2620.85526 15.290 0.006
2621.68750 15.156 0.006
2621.76301 15.059 0.006
2621.85622 14.944 0.006
2622.65331 14.954 0.006
2622.73472 14.977 0.006
2622.85562 15.000 0.006
2623.65204 15.163 0.006
2623.74012 15.175 0.006
2623.85144 15.189 0.006
2624.68260 15.325 0.006
2624.75370 15.331 0.006
2624.84850 15.337 0.006
2625.66762 14.837 0.006
2625.71950 14.847 0.006
2626.63646 15.036 0.006
2627.74422 15.249 0.006
2627.76500 15.242 0.006
2627.81813 15.253 0.006
2628.66101 15.296 0.006
2628.73807 15.254 0.006
2628.80515 15.200 0.006
2629.65673 14.933 0.006
2629.76509 14.939 0.006
2629.78595 14.953 0.006
2629.84486 14.957 0.006
2630.64460 15.131 0.006
2630.72411 15.142 0.006
2630.80450 15.178 0.006
2631.65608 15.297 0.006
2631.73886 15.303 0.006
2631.84821 15.327 0.007
2632.61205 14.934 0.006
2632.68576 14.878 0.006
2632.73882 14.851 0.006
2632.81937 14.841 0.006
2634.61085 15.192 0.006
2634.70087 15.195 0.006
2635.66104 15.332 0.006
2635.73837 15.324 0.006
2635.78639 15.313 0.006
2635.84131 15.308 0.006
2636.68893 14.892 0.006
2636.76930 14.913 0.006
2636.84899 14.938 0.006
2637.65097 15.097 0.006
2637.72956 15.108 0.006
2637.83268 15.127 0.006
2638.63223 15.269 0.006
2638.70419 15.285 0.006
2638.73317 15.279 0.006
2638.83262 15.301 0.006
2639.60532 15.151 0.006
2639.68566 15.065 0.006
2639.84171 14.893 0.006
2640.61426 14.965 0.006
2640.75625 14.997 0.006
2641.61439 15.166 0.006
2641.75081 15.182 0.006
2641.86162 15.212 0.006
2642.61252 15.324 0.006
2642.71428 15.343 0.006
2643.61944 14.842 0.006
2643.76310 14.882 0.006
2644.60207 15.045 0.006
2644.71262 15.065 0.006
2645.61691 15.233 0.019
2645.75295 15.259 0.006
2645.85934 15.277 0.006
2646.62173 15.291 0.006
2646.71780 15.213 0.006
2646.74698 15.178 0.006
2649.61911 15.288 0.006
2649.71156 15.307 0.006
2650.63929 14.868 0.006
2650.70085 14.847 0.006
2650.81063 14.851 0.006
2651.63533 15.021 0.006
2651.73111 15.042 0.006
2652.60050 15.204 0.006
2652.67946 15.224 0.006
2652.77704 15.235 0.006
2652.86345 15.252 0.006
2653.60835 15.330 0.006
2653.78515 15.295 0.006
2654.62699 14.899 0.006
2654.70403 14.921 0.006
2654.79249 14.937 0.006
2654.84465 14.948 0.006
2655.61263 15.096 0.006
2655.81616 15.144 0.006
2656.62411 15.269 0.006
2656.69796 15.283 0.006
2656.77310 15.293 0.006
2656.87038 15.309 0.006
2657.62650 15.028 0.006
2657.86684 14.853 0.006
2658.58802 14.981 0.006
2658.66041 14.990 0.006
2658.68757 14.987 0.006
2658.76857 15.017 0.006
2659.64605 15.181 0.006
2659.78121 15.220 0.007
2660.60075 15.325 0.006
2660.67957 15.343 0.006
2660.75408 15.346 0.006
2661.60582 14.857 0.006
2661.65961 14.870 0.006
2661.86454 14.910 0.006
2662.64451 15.078 0.006
2662.69413 15.090 0.006
2662.78016 15.106 0.006
2663.65913 15.253 0.006
2664.66913 15.178 0.006
2664.70682 15.145 0.006
2665.69457 14.967 0.006
2665.82669 14.979 0.006
2666.64895 15.149 0.006
2666.73859 15.171 0.006
2666.76674 15.168 0.006
2666.83277 15.194 0.006
2667.68391 15.324 0.006
2668.72558 14.864 0.006
2668.75827 14.853 0.006
2670.71135 15.249 0.006
2671.69385 15.289 0.006
2672.67099 14.932 0.006
2672.77502 14.946 0.006
2672.81930 14.963 0.006
2674.67588 15.303 0.006
2674.72516 15.306 0.006
2674.79798 15.317 0.006
2675.65463 14.926 0.006
2675.76145 14.856 0.006
2676.71434 15.015 0.006
2676.74402 15.025 0.006
2677.66138 15.200 0.006
2677.72009 15.201 0.006
2678.63444 15.343 0.006
2678.76615 15.327 0.006
2678.78669 15.323 0.006
2679.65496 14.892 0.006
2679.79087 14.936 0.006
2680.67344 15.097 0.006
2680.77692 15.120 0.006
2681.61547 15.262 0.006
2681.72698 15.279 0.006
2682.59286 15.184 0.006
2683.62802 14.964 0.006
2687.60744 15.040 0.006
2692.62115 15.301 0.006
2696.59736 15.335 0.006
2701.58905 14.981 0.006
2708.51874 14.939 0.006
2715.51437 14.907 0.006
2870.93268 15.157 0.006
2890.86718 14.856 0.006
2895.90302 15.127 0.006
2900.86726 15.344 0.006
2911.85264 15.282 0.006
2917.76660 15.192 0.006
2922.88880 14.986 0.006
2926.82169 14.863 0.006
2931.74994 15.130 0.006
2934.79076 15.020 0.006
2940.77126 15.024 0.006
2943.77543 15.345 0.006
2947.78408 15.209 0.006
2950.69786 15.293 0.006
2954.72120 15.336 0.006
2956.76655 15.120 0.006
2958.80821 14.898 0.006
2962.80535 14.878 0.006
2965.82836 15.066 0.006
2968.69607 15.306 0.006
2973.76954 14.937 0.006
2976.63599 15.006 0.006
2978.83706 15.223 0.006
2980.75201 14.895 0.006
2982.76011 15.267 0.006
2984.79168 14.988 0.006
2987.67309 14.848 0.006
2989.63150 15.219 0.006
2991.70359 14.943 0.006
2993.71549 15.299 0.006
2995.79031 15.036 0.006
2997.76092 15.327 0.006
3000.70954 15.278 0.006
3002.69782 14.981 0.006
3004.69869 15.331 0.006
3006.64215 15.060 0.006
3008.79708 15.114 0.006
3010.71666 15.162 0.006
3011.77162 15.328 0.006
3015.78919 15.293 0.006
3017.77687 15.137 0.006
3019.73059 14.918 0.006
3021.82355 15.215 0.006
3023.68565 14.876 0.006
3025.65709 15.257 0.006
3027.70264 14.965 0.006
3029.68757 15.321 0.006
3031.75763 15.056 0.006
3033.82121 15.191 0.006
3036.61972 15.295 0.006
3039.56157 15.185 0.006
3041.66962 14.900 0.006
3043.68033 15.279 0.006
3045.74318 14.995 0.006
3047.69687 15.333 0.006
3048.62809 14.855 0.006
3050.64507 15.236 0.006
3052.64648 14.943 0.006
3054.65099 15.300 0.006
3056.63910 15.019 0.006
3058.63308 15.328 0.006
3060.68271 15.118 0.006
3066.54467 14.862 0.006
3068.56857 15.244 0.006
3073.66066 14.854 0.006
3076.58451 15.328 0.006
3078.67132 15.147 0.006
3082.64830 15.209 0.006
3085.55181 15.074 0.006
3088.51376 14.960 0.006
3090.65546 15.336 0.006
3093.53808 15.227 0.006
3099.52499 15.003 0.006
3102.61808 14.894 0.006
3105.62382 15.055 0.006
3111.55016 15.246 0.006
3129.49250 15.242 0.006
3134.51336 14.870 0.006
3216.90720 14.891 0.006
3242.84194 14.992 0.006
3248.89468 15.172 0.006
3264.84231 15.085 0.006
3274.79435 14.936 0.006
3282.82547 15.108 0.006
3287.79885 15.334 0.006
3295.75647 14.874 0.006
3297.74856 15.203 0.006
3299.81271 14.912 0.006
3301.81005 15.286 0.006
3304.87451 15.204 0.006
3307.74391 15.071 0.006
3309.77604 15.218 0.006
3311.77401 15.148 0.006
3320.82164 14.897 0.006
3327.78955 15.114 0.006
3330.74793 15.340 0.006
3334.84739 15.243 0.006
3339.79524 15.028 0.006
3353.84150 14.964 0.006
3357.63257 15.006 0.006
3360.67065 14.901 0.006
3363.77888 14.946 0.006
3369.85618 15.284 0.006
3375.79256 15.053 0.006
3378.71812 14.922 0.006
3387.71554 15.280 0.006
3394.60123 15.223 0.006
3396.65207 14.925 0.006
3399.75467 14.855 0.006
3403.74202 14.908 0.006
3408.62649 15.164 0.006
3413.58146 15.310 0.006
3417.59855 14.900 0.006
3425.60670 14.978 0.006
3431.59469 15.257 0.006
3437.57025 15.210 0.006
3446.53935 14.866 0.006
3456.51928 15.327 0.006
3474.48751 15.317 0.006
3603.92968 14.926 0.006
3619.87270 15.136 0.006
3639.81562 14.881 0.006
3644.85167 15.106 0.006
3651.79411 15.065 0.006
3654.84186 14.946 0.006
3658.80545 15.024 0.006
3660.83027 15.318 0.006
3665.82423 14.996 0.006
3670.79397 15.267 0.006
3673.80408 15.163 0.006
3676.80412 15.047 0.006
3684.85811 15.211 0.006
3687.83047 15.099 0.006
3690.75042 14.969 0.006
3693.78793 14.858 0.006
3695.81923 15.244 0.006
3698.80881 15.144 0.006
3700.82742 14.864 0.006
3703.76151 15.345 0.006
3705.82569 15.126 0.006
3708.81351 14.990 0.006
3712.77102 15.064 0.006
3714.84181 15.142 0.006
3717.73419 15.314 0.006
3720.82225 15.222 0.006
3724.73992 15.275 0.006
3727.81450 15.197 0.006
3728.77725 15.319 0.006
3731.78078 15.258 0.006
3732.76387 15.136 0.006
3735.62029 15.297 0.006
3737.79018 15.045 0.006
3740.75207 14.931 0.006
3742.75945 15.290 0.006
3745.79535 15.207 0.006
3747.79798 14.912 0.006
3748.76518 15.110 0.006
3750.77589 15.032 0.006
3752.78540 15.182 0.006
3754.80319 14.861 0.006
3757.58418 15.316 0.006
3759.78925 15.155 0.006
3763.66121 15.193 0.006
3766.61761 15.083 0.006
3770.70413 15.177 0.006
3773.73690 15.076 0.006
3776.70862 14.959 0.006
3783.57853 14.897 0.006
3788.55130 15.166 0.006
3792.58876 15.243 0.006
3800.57065 15.335 0.006
3810.52871 15.248 0.006
3824.49893 15.186 0.006
3950.92248 15.322 0.006
3964.92123 15.283 0.006
3970.84609 15.076 0.006
3981.91465 15.142 0.006
3990.90335 15.045 0.006
3998.90716 14.965 0.006
4003.72081 15.196 0.006
4005.89654 14.917 0.006
4006.74210 15.078 0.006
4008.76290 15.135 0.006
4013.76344 15.063 0.006
4019.87248 14.848 0.006
4024.75994 15.107 0.006
4026.83761 14.938 0.006
4029.78216 15.343 0.006
4032.81301 15.268 0.006
4038.76475 15.035 0.006
4041.72472 14.911 0.006
4043.72965 15.285 0.006
4046.82303 15.204 0.006
4049.69219 15.069 0.006
4052.75351 14.965 0.006
4054.74047 15.317 0.006
4056.79949 15.051 0.006
4058.84661 15.220 0.006
4063.72945 15.004 0.006
4065.85260 15.328 0.006
4067.69448 15.094 0.006
4070.71670 14.985 0.006
4074.78544 15.084 0.006
4077.83422 14.970 0.006
4080.71082 14.863 0.006
4084.63914 14.892 0.006
4086.79486 15.308 0.006
4093.83624 15.281 0.006
4111.77357 15.263 0.006
4117.71400 15.059 0.006
4124.77422 15.036 0.006
4142.75187 15.051 0.006
4156.58702 14.942 0.006
4168.54752 15.172 0.006
4198.50169 15.302 0.006
4343.83767 15.128 0.006
4347.90472 15.201 0.006
4353.83788 14.962 0.006
4358.78929 15.235 0.006
4363.83180 14.872 0.006
4367.79158 14.886 0.006
4370.82836 15.037 0.006
4373.82779 15.326 0.006
4377.84678 15.205 0.006
4380.89144 15.324 0.006
4386.83730 15.128 0.006
4390.79929 15.195 0.006
4394.81686 15.263 0.006
4399.77346 14.848 0.006
4407.73639 15.008 0.006
4412.75999 15.274 0.006
4418.84551 15.063 0.006
4422.73760 15.140 0.006
4427.71325 15.350 0.006
4430.71659 15.278 0.006
4433.73420 15.187 0.006
4436.81555 15.083 0.006
4440.67644 15.146 0.006
4443.76888 15.039 0.006
4449.73151 14.982 0.006
4451.77109 15.197 0.006
4452.75040 15.340 0.006
4455.74057 15.266 0.006
4457.77080 14.973 0.006
4459.73547 15.317 0.006
4462.71327 15.227 0.006
4464.78361 14.943 0.006
4467.75934 14.880 0.006
4471.81728 14.907 0.006
4472.64669 15.071 0.006
4476.70020 15.168 0.006
4480.80368 15.246 0.006
4483.79199 15.158 0.006
4486.81825 15.043 0.006
4492.67607 15.054 0.006
4497.73753 15.076 0.006
4500.61060 14.938 0.006
4502.72039 15.315 0.006
4507.72328 14.921 0.006
4509.67497 15.276 0.006
4518.63743 14.953 0.006
4521.67184 14.846 0.006
4523.65688 15.232 0.006
4525.62153 14.930 0.006
4531.59968 15.335 0.006
4533.59989 15.081 0.006
4537.64996 15.180 0.006
4539.56912 14.860 0.006
4541.65133 15.238 0.006
