2187.76460 14.785 0.006
2190.86970 14.702 0.006
2193.83414 14.546 0.006
2202.83391 14.843 0.006
2215.78674 14.579 0.006
2222.78661 14.715 0.006
2224.83418 14.842 0.006
2227.74514 14.679 0.006
2229.75083 14.862 0.006
2231.71935 14.588 0.006
2233.68758 14.727 0.006
2237.60681 14.611 0.006
2239.66784 14.806 0.006
2241.75948 14.552 0.006
2248.68929 14.635 0.006
2250.72072 14.889 0.006
2252.81786 14.560 0.006
2254.73581 14.712 0.006
2257.74961 14.547 0.006
2260.76295 14.811 0.006
2265.70137 14.729 0.006
2266.76317 14.853 0.006
2270.81281 14.710 0.006
2272.66038 14.850 0.006
2274.79132 14.601 0.006
2276.84666 14.791 0.006
2278.80568 14.597 0.006
2280.78537 14.656 0.006
2282.78468 14.863 0.006
2290.68057 14.607 0.006
2293.80003 14.909 0.006
2295.82389 14.583 0.006
2297.81068 14.752 0.006
2299.82712 14.679 0.006
2301.72121 14.649 0.006
2302.79642 14.729 0.006
2303.71919 14.826 0.006
2321.69167 14.506 0.006
2328.56868 14.688 0.006
2334.56678 14.727 0.006
2340.55842 14.785 0.006
2346.49904 14.895 0.006
2360.49393 14.682 0.006
2391.49482 14.612 0.006
2540.87271 14.612 0.006
2548.80976 14.863 0.006
2553.77648 14.827 0.006
2557.84187 14.693 0.006
2561.83989 14.578 0.006
2565.84585 14.693 0.006
2574.80294 14.789 0.006
2578.85953 14.681 0.006
2586.75883 14.848 0.006
2590.83382 14.786 0.006
2596.84082 14.870 0.006
2606.73712 14.791 0.006
2609.84645 14.599 0.006
2614.80823 14.571 0.006
2619.68488 14.542 0.006
2621.81219 14.696 0.006
2624.70927 14.606 0.006
2627.82938 14.764 0.006
2630.59908 14.552 0.006
2632.74994 14.720 0.006
2636.69976 14.609 0.006
2643.78945 14.749 0.006
2645.78750 14.671 0.006
2649.66280 14.845 0.006
2651.74260 14.550 0.006
2653.73683 14.699 0.006
2655.76745 14.865 0.006
2657.75531 14.605 0.006
2659.81646 14.787 0.006
2661.61661 14.709 0.006
2666.60052 14.842 0.006
2666.62475 14.828 0.006
2668.82748 14.623 0.006
2673.77424 14.612 0.006
2676.75452 14.879 0.006
2678.80048 14.568 0.006
2680.69265 14.739 0.006
2684.57212 14.616 0.006
2688.54819 14.609 0.006
2692.52262 14.868 0.006
2697.53752 14.840 0.006
2702.53911 14.803 0.006
2708.56592 14.886 0.006
2725.49840 14.728 0.006
2875.86555 14.587 0.006
2884.88663 14.816 0.006
2890.90774 14.592 0.006
2896.86062 14.556 0.006
2902.79504 14.613 0.006
2917.80727 14.550 0.006
2923.80995 14.592 0.006
2926.86239 14.888 0.006
2931.79114 14.836 0.006
2934.83132 14.616 0.006
2940.81160 14.681 0.006
2943.81639 14.678 0.006
2947.82458 14.843 0.006
2950.74097 14.619 0.006
2954.76693 14.585 0.006
2956.80720 14.683 0.006
2958.85174 14.899 0.006
2963.74309 14.846 0.006
2966.76332 14.619 0.006
2968.73207 14.787 0.006
2971.79410 14.603 0.006
2974.81714 14.890 0.006
2976.67703 14.578 0.006
2979.66096 14.825 0.006
2981.68152 14.553 0.006
2983.81338 14.708 0.006
2985.78045 14.867 0.006
2987.73699 14.599 0.006
2989.67719 14.766 0.006
2991.75104 14.674 0.006
2993.75719 14.661 0.006
2995.83246 14.868 0.006
2997.80361 14.546 0.006
2998.74903 14.628 0.006
3000.75224 14.807 0.006
3002.74911 14.569 0.006
3004.74210 14.685 0.006
3006.73526 14.885 0.006
3010.79598 14.738 0.006
3012.80154 14.745 0.006
3016.74596 14.807 0.006
3018.77660 14.570 0.006
3020.84017 14.719 0.006
3021.86512 14.787 0.006
3023.72647 14.662 0.006
3025.72962 14.651 0.006
3027.74819 14.851 0.006
3029.73264 14.548 0.006
3031.80460 14.719 0.006
3034.62969 14.575 0.006
3036.65995 14.687 0.006
3039.60196 14.698 0.006
3041.68482 14.666 0.006
3042.70983 14.732 0.006
3044.64887 14.775 0.006
3046.63501 14.624 0.006
3048.66818 14.803 0.006
3050.65997 14.558 0.006
3052.66143 14.683 0.006
3054.66697 14.887 0.006
3056.65476 14.580 0.006
3058.64798 14.743 0.006
3060.69745 14.772 0.006
3066.58518 14.580 0.006
3068.61335 14.693 0.006
3071.51172 14.695 0.006
3073.70178 14.659 0.006
3076.62537 14.779 0.006
3079.62778 14.727 0.006
3082.69455 14.548 0.006
3085.59798 14.783 0.006
3088.55476 14.565 0.006
3091.53788 14.848 0.006
3100.51724 14.691 0.006
3102.63335 14.905 0.006
3106.55727 14.748 0.006
3109.54182 14.571 0.006
3113.55929 14.868 0.006
3127.51723 14.729 0.006
3133.53291 14.794 0.006
3230.90766 14.793 0.006
3242.88209 14.580 0.006
3249.84904 14.721 0.006
3260.84103 14.734 0.006
3264.88306 14.633 0.006
3271.83145 14.778 0.006
3274.83477 14.575 0.006
3279.78843 14.552 0.006
3282.85404 14.819 0.006
3291.77700 14.664 0.006
3295.79745 14.558 0.006
3297.78888 14.712 0.006
3299.85681 14.879 0.006
3301.86833 14.629 0.006
3305.75923 14.673 0.006
3307.78405 14.694 0.006
3309.82054 14.873 0.006
3311.81407 14.567 0.006
3315.85352 14.869 0.006
3321.72063 14.687 0.006
3324.82858 14.750 0.006
3327.83480 14.568 0.006
3336.66035 14.885 0.006
3339.84222 14.691 0.006
3353.74380 14.655 0.006
3357.77140 14.876 0.006
3360.74927 14.641 0.006
3363.82385 14.846 0.006
3370.78108 14.594 0.006
3376.73315 14.650 0.006
3378.75837 14.834 0.006
3387.75627 14.677 0.006
3394.64187 14.839 0.006
3396.66820 14.564 0.006
3399.79541 14.813 0.006
3402.70542 14.601 0.006
3404.63702 14.756 0.006
3409.55397 14.712 0.006
3413.55260 14.608 0.006
3426.54052 14.814 0.006
3432.52636 14.894 0.006
3439.50245 14.558 0.006
3447.52793 14.803 0.006
3457.50481 14.734 0.006
3594.91643 14.652 0.006
3603.85877 14.668 0.006
3619.91439 14.645 0.006
3620.89513 14.600 0.006
3630.80624 14.585 0.006
3637.74462 14.677 0.006
3640.80287 14.761 0.006
3651.83540 14.644 0.006
3654.88156 14.764 0.006
3658.84755 14.649 0.006
3660.84491 14.829 0.006
3664.85451 14.684 0.006
3668.83842 14.598 0.006
3672.82708 14.721 0.006
3676.71387 14.814 0.006
3685.78374 14.681 0.006
3688.71788 14.777 0.006
3690.79264 14.649 0.006
3693.69432 14.876 0.006
3695.85924 14.619 0.006
3699.74973 14.626 0.006
3701.80285 14.680 0.006
3703.80156 14.880 0.006
3706.67687 14.639 0.006
3711.71234 14.613 0.006
3713.80021 14.804 0.006
3715.77676 14.608 0.006
3718.74562 14.757 0.006
3722.64053 14.632 0.006
3726.72268 14.558 0.006
3727.85865 14.625 0.006
3730.75479 14.888 0.006
3732.83026 14.593 0.006
3734.82316 14.761 0.006
3735.67151 14.853 0.006
3737.83004 14.572 0.006
3739.84870 14.738 0.006
3741.58698 14.867 0.006
3743.75890 14.629 0.006
3746.80130 14.889 0.006
3748.78005 14.607 0.006
3750.79481 14.773 0.006
3753.66789 14.566 0.006
3755.74946 14.730 0.006
3757.76891 14.813 0.006
3760.74855 14.708 0.006
3763.70152 14.609 0.006
3766.71828 14.761 0.006
3770.74572 14.661 0.006
3774.61908 14.560 0.006
3777.57767 14.786 0.006
3781.74196 14.680 0.006
3786.59433 14.645 0.006
3793.54396 14.793 0.006
3801.53390 14.569 0.006
3811.52644 14.625 0.006
3828.49028 14.588 0.006
3958.91574 14.836 0.006
3965.86917 14.642 0.006
3970.88934 14.726 0.006
3982.83993 14.591 0.006
3993.79308 14.641 0.006
4002.85351 14.721 0.006
4004.87182 14.648 0.006
4006.78133 14.829 0.006
4008.80235 14.557 0.006
4013.81397 14.636 0.006
4019.81674 14.561 0.006
4024.80827 14.562 0.006
4026.87730 14.716 0.006
4029.82329 14.603 0.006
4032.85805 14.769 0.006
4039.69027 14.865 0.006
4041.76403 14.622 0.006
4043.76911 14.794 0.006
4046.86215 14.605 0.006
4049.73228 14.875 0.006
4052.79381 14.657 0.006
4054.78061 14.842 0.006
4056.83908 14.559 0.006
4059.73379 14.807 0.006
4064.84752 14.791 0.006
4066.80396 14.706 0.006
4068.83880 14.653 0.006
4070.76120 14.851 0.006
4074.80004 14.720 0.006
4077.84882 14.566 0.006
4080.72855 14.767 0.006
4083.71525 14.574 0.006
4095.64012 14.688 0.006
4103.77058 14.783 0.006
4106.60134 14.711 0.006
4112.77563 14.784 0.006
4117.75814 14.742 0.006
4121.77013 14.639 0.006
4126.74965 14.609 0.006
4129.78324 14.891 0.006
4143.56003 14.667 0.006
4157.55803 14.593 0.006
4169.51495 14.603 0.006
4199.48431 14.804 0.006
4343.87684 14.584 0.006
4348.84956 14.693 0.006
4353.87716 14.788 0.006
4358.82934 14.884 0.006
4363.84616 14.883 0.006
4367.83433 14.728 0.006
4371.78390 14.609 0.006
4378.72334 14.759 0.006
4381.75892 14.566 0.006
4386.87644 14.547 0.006
4390.83851 14.878 0.006
4395.70532 14.875 0.006
4399.86396 14.735 0.006
4408.71781 14.595 0.006
4412.80135 14.672 0.006
4427.75286 14.879 0.006
4430.75621 14.653 0.006
4433.77366 14.763 0.006
4437.70028 14.808 0.006
4440.71991 14.604 0.006
4443.83751 14.887 0.006
4449.77924 14.745 0.006
4451.81486 14.630 0.006
4455.78457 14.547 0.006
4458.76325 14.768 0.006
4462.75726 14.640 0.006
4464.80285 14.859 0.006
4467.77393 14.621 0.006
4472.68986 14.589 0.006
4476.77683 14.617 0.006
4480.72729 14.849 0.006
4484.80668 14.705 0.006
4488.72759 14.601 0.006
4492.74684 14.627 0.006
4497.75140 14.714 0.006
4500.62443 14.705 0.006
4502.73425 14.844 0.006
4507.73826 14.872 0.006
4509.68895 14.566 0.006
4512.73710 14.859 0.006
4518.67701 14.851 0.006
4521.72335 14.686 0.006
4524.62293 14.649 0.006
4530.64901 14.548 0.006
4533.61467 14.812 0.006
4534.59610 14.863 0.006
4538.63213 14.779 0.006
4542.53886 14.665 0.006
