2156.89973 15.094 0.007
2161.86670 15.143 0.007
2173.87993 15.083 0.006
2186.81692 15.080 0.008
2192.84923 15.171 0.006
2201.83569 15.129 0.006
2214.81724 15.123 0.007
2221.76014 15.116 0.006
2224.77284 15.025 0.006
2227.67546 15.123 0.006
2229.68893 15.069 0.006
2230.83309 15.148 0.006
2232.85270 15.021 0.006
2234.84745 15.139 0.006
2237.76791 15.034 0.006
2241.69318 15.028 0.006
2243.74700 15.136 0.006
2247.82887 15.119 0.006
2248.83149 15.157 0.006
2250.81888 15.035 0.006
2252.67856 15.156 0.006
2254.66962 15.024 0.006
2257.67630 15.145 0.006
2260.68302 15.113 0.006
2264.68839 15.089 0.007
2266.67450 15.088 0.006
2270.68220 15.138 0.006
2272.83051 15.064 0.006
2274.67217 15.159 0.006
2276.77813 15.036 0.006
2277.83142 15.108 0.006
2279.84903 15.042 0.006
2280.82257 15.035 0.006
2282.71945 15.158 0.006
2288.78081 15.023 0.007
2292.79113 15.049 0.006
2294.76744 15.092 0.007
2296.78308 15.108 0.007
2298.73978 15.082 0.006
2300.75028 15.136 0.007
2302.72695 15.053 0.006
2304.77116 15.168 0.007
2323.60335 15.013 0.006
2327.58879 15.020 0.007
2333.59882 15.103 0.007
2345.53630 15.033 0.007
2351.51443 15.145 0.007
2369.51289 15.158 0.007
2385.49765 15.123 0.007
2529.84322 15.039 0.006
2539.84565 15.079 0.007
2545.81488 15.158 0.007
2552.86886 15.088 0.007
2556.86022 15.068 0.006
2560.76930 15.037 0.006
2564.87687 15.030 0.006
2583.85202 15.143 0.007
2590.75854 15.037 0.006
2596.77115 15.134 0.007
2605.80110 15.160 0.007
2609.77052 15.141 0.007
2614.72878 15.158 0.007
2618.78375 15.171 0.007
2621.70884 15.075 0.006
2624.61480 15.032 0.006
2627.71307 15.171 0.007
2629.73603 15.041 0.006
2632.66197 15.090 0.006
2635.70921 15.156 0.006
2638.68018 15.066 0.006
2640.77707 15.164 0.007
2642.73355 15.045 0.007
2644.73626 15.158 0.007
2646.69022 15.036 0.006
2650.74604 15.021 0.007
2652.80794 15.141 0.006
2654.76860 15.022 0.007
2656.67402 15.117 0.007
2658.63577 15.075 0.006
2660.65409 15.087 0.006
2662.66505 15.122 0.006
2664.64510 15.059 0.006
2666.70849 15.140 0.007
2668.69461 15.048 0.006
2670.65673 15.163 0.007
2672.79550 15.042 0.007
2674.69625 15.168 0.007
2676.68537 15.021 0.006
2678.73862 15.152 0.006
2680.64937 15.023 0.006
2682.69568 15.136 0.007
2687.57551 15.170 0.007
2696.57146 15.178 0.007
2701.55311 15.091 0.007
2707.55983 15.065 0.006
2714.54700 15.085 0.007
2839.92365 15.024 0.006
2867.89465 15.124 0.007
2892.90082 15.080 0.007
2897.86973 15.114 0.007
2907.78994 15.151 0.006
2911.82733 15.171 0.007
2916.87773 15.093 0.006
2922.86142 15.063 0.007
2930.86279 15.028 0.006
2934.76485 15.022 0.006
2940.74559 15.108 0.006
2947.75850 14.999 0.007
2949.84849 15.133 0.006
2953.71563 15.116 0.007
2956.74097 15.022 0.006
2958.76731 15.157 0.007
2962.77983 15.134 0.006
2965.80286 15.050 0.006
2973.79364 15.008 0.006
2976.80607 15.125 0.006
2978.71374 15.050 0.006
2980.72616 15.161 0.006
2982.71886 15.036 0.006
2984.76598 15.159 0.006
2986.84865 15.021 0.006
2988.81903 15.159 0.006
2989.77434 15.120 0.006
2991.66946 15.062 0.006
2993.68993 15.158 0.007
2995.76304 15.040 0.006
2997.73544 15.165 0.007
2999.69961 15.010 0.006
3001.79447 15.164 0.006
3003.76516 15.022 0.006
3005.72698 15.138 0.006
3007.64840 15.040 0.006
3009.64622 15.126 0.006
3011.74582 15.067 0.006
3017.75131 15.075 0.006
3019.67935 15.170 0.006
3021.79793 15.045 0.006
3023.65971 15.170 0.006
3025.62762 15.033 0.006
3027.67699 15.152 0.006
3029.66205 15.023 0.006
3031.73194 15.143 0.006
3033.79559 15.016 0.006
3035.80239 15.130 0.006
3038.78002 15.028 0.006
3041.62057 15.109 0.007
3043.65461 15.086 0.007
3045.71753 15.133 0.006
3047.67127 15.059 0.006
3048.60005 15.126 0.006
3050.61956 15.053 0.006
3052.62078 15.096 0.006
3054.62097 15.087 0.006
3056.61344 15.085 0.006
3058.60743 15.138 0.006
3060.65701 15.060 0.006
3068.54294 15.013 0.007
3070.60391 15.142 0.007
3073.63506 15.058 0.007
3078.64407 15.116 0.006
3082.62191 15.082 0.006
3085.52300 15.026 0.006
3087.66121 15.155 0.006
3090.62736 15.052 0.007
3096.54321 15.162 0.007
3099.61299 15.073 0.007
3102.59162 15.009 0.006
3104.57833 15.132 0.006
3107.56205 15.033 0.006
3110.56011 15.090 0.006
3113.53802 15.154 0.007
3128.51054 15.022 0.006
3140.51755 15.133 0.006
3216.88175 15.149 0.007
3248.86684 15.028 0.006
3257.89520 15.012 0.006
3264.81654 15.166 0.006
3270.88330 15.011 0.006
3274.76893 15.020 0.007
3277.89098 15.165 0.006
3287.77261 15.015 0.006
3291.70955 15.067 0.006
3295.73102 15.102 0.006
3297.72301 15.095 0.006
3299.78733 15.128 0.006
3301.78454 15.071 0.006
3304.84487 15.028 0.006
3307.71840 15.171 0.007
3309.75064 15.023 0.006
3311.74862 15.145 0.006
3320.79158 15.167 0.006
3327.76356 15.082 0.006
3330.72218 15.030 0.006
3334.82110 15.041 0.006
3339.76890 15.018 0.006
3354.78480 15.141 0.006
3358.83350 15.126 0.006
3372.77996 15.134 0.006
3378.69262 15.021 0.006
3387.68515 15.056 0.007
3399.72917 15.013 0.006
3403.71653 15.038 0.006
3406.68604 15.155 0.006
3410.63895 15.136 0.006
3415.63616 15.154 0.006
3420.62595 15.090 0.006
3427.59991 15.117 0.006
3433.62253 15.052 0.006
3438.55175 15.019 0.006
3446.50890 15.069 0.006
3455.53224 15.033 0.007
3461.52631 15.087 0.006
3473.48562 15.032 0.006
3619.83807 15.028 0.006
3629.91154 15.122 0.007
3633.87653 15.088 0.006
3639.78902 15.133 0.006
3654.81631 15.076 0.006
3658.78031 15.033 0.006
3661.85103 15.075 0.006
3668.82376 15.141 0.006
3672.81200 15.105 0.006
3676.76881 15.093 0.006
3684.83078 15.057 0.006
3687.80518 15.044 0.006
3690.72505 15.144 0.006
3693.75906 15.069 0.006
3695.79183 15.130 0.006
3698.77359 15.113 0.007
3700.80217 15.040 0.006
3703.73303 15.144 0.006
3705.80020 15.018 0.006
3708.78813 15.126 0.006
3712.74575 15.153 0.006
3714.81598 15.036 0.006
3717.67843 15.090 0.006
3719.85097 15.091 0.006
3721.81192 15.116 0.006
3726.70775 15.039 0.006
3730.73999 15.061 0.006
3732.73210 15.080 0.007
3735.63149 15.021 0.006
3737.76386 15.139 0.006
3739.83384 15.013 0.006
3741.84678 15.123 0.006
3743.74394 15.062 0.006
3746.78646 15.157 0.006
3748.73962 15.015 0.006
3749.74524 15.069 0.006
3751.75658 15.140 0.006
3753.70807 15.046 0.006
3755.70908 15.174 0.006
3757.69895 15.030 0.006
3759.76373 15.157 0.006
3762.78524 15.085 0.006
3765.77233 15.014 0.006
3770.64484 15.029 0.006
3773.71093 15.082 0.006
3776.68125 15.145 0.006
3779.63581 15.068 0.007
3782.74944 15.038 0.006
3787.61265 15.025 0.006
3792.56336 15.055 0.006
3800.54536 15.027 0.006
3810.50296 15.110 0.006
3823.51272 15.107 0.006
3964.89127 15.055 0.006
3969.92208 15.119 0.006
3981.88987 15.059 0.006
3998.88216 15.032 0.006
3999.84465 15.096 0.007
4001.89365 15.089 0.006
4004.85764 15.150 0.006
4005.87160 15.132 0.006
4008.73784 15.121 0.006
4013.77460 15.158 0.006
4018.86752 15.120 0.006
4024.73495 15.037 0.006
4026.80802 15.171 0.006
4029.75725 15.090 0.006
4032.77252 15.029 0.006
4038.73859 15.104 0.006
4041.69985 15.018 0.006
4043.70471 15.144 0.006
4046.79640 15.074 0.006
4052.72875 15.166 0.006
4054.71558 15.042 0.006
4056.77361 15.160 0.006
4058.80595 15.024 0.006
4063.70450 15.053 0.006
4066.76183 15.046 0.006
4068.66671 15.085 0.006
4070.69180 15.097 0.006
4074.75943 15.143 0.006
4077.80798 15.136 0.006
4079.85284 15.031 0.006
4083.69842 15.089 0.006
4085.76415 15.085 0.006
4093.74871 15.041 0.006
4102.86120 15.078 0.006
4105.82123 15.021 0.006
4109.79111 15.053 0.006
4113.74694 15.096 0.006
4120.77717 15.124 0.006
4122.73366 15.054 0.006
4132.67566 15.054 0.006
4142.72668 15.146 0.007
4156.56178 15.125 0.007
4168.51643 15.147 0.007
4341.92814 15.087 0.007
4347.87968 15.042 0.006
4353.81301 15.161 0.007
4358.91131 15.140 0.007
4364.87574 15.041 0.007
4367.90019 15.080 0.007
4371.76548 15.142 0.006
4377.82183 15.040 0.006
4380.83675 15.079 0.006
4386.81248 15.064 0.007
4390.77441 15.048 0.006
4394.73053 15.020 0.006
4399.74850 15.076 0.007
4407.71153 15.022 0.007
4412.72696 15.069 0.007
4418.82034 15.160 0.006
4426.76406 15.141 0.007
4430.69145 15.130 0.007
4432.75063 15.053 0.006
4436.79056 15.084 0.007
4439.85567 15.159 0.007
4443.74370 15.132 0.007
4449.70655 15.083 0.006
4451.71628 15.088 0.007
4455.71540 15.072 0.007
4457.74584 15.161 0.007
4460.81749 15.114 0.007
4463.73578 15.025 0.006
4466.72477 15.115 0.006
4470.67224 15.149 0.007
4473.71496 15.117 0.006
4477.77347 15.100 0.006
4482.77725 15.154 0.007
4486.75508 15.128 0.007
4494.67400 15.081 0.007
4498.70652 15.072 0.006
4501.70383 15.040 0.006
4506.63791 15.019 0.006
4508.66475 15.145 0.006
4510.73072 15.016 0.006
4517.66496 15.157 0.007
4521.64549 15.148 0.006
4524.60820 15.072 0.006
4530.63419 15.171 0.006
4532.65993 15.032 0.006
4536.63219 15.011 0.006
4539.51416 15.157 0.006
4541.62332 15.050 0.007
