2167.87173 15.704 0.006
2186.84550 16.176 0.009
2190.83091 15.801 0.006
2192.87354 15.965 0.006
2193.79512 16.225 0.006
2202.79458 15.978 0.006
2214.84223 16.182 0.009
2224.79666 16.213 0.007
2227.70753 16.083 0.007
2229.71301 16.201 0.009
2231.68136 16.193 0.007
2233.64970 15.702 0.006
2236.66205 16.192 0.007
2239.63007 16.449 0.009
2241.71700 16.142 0.007
2243.78688 15.928 0.006
2247.85258 16.212 0.007
2248.85526 15.982 0.006
2250.78760 16.108 0.006
2252.70639 16.197 0.006
2254.69754 16.196 0.006
2257.70181 16.209 0.007
2260.70724 16.122 0.006
2264.71769 16.161 0.006
2266.69861 15.854 0.006
2270.76576 16.183 0.006
2271.84682 15.964 0.006
2272.75196 16.191 0.007
2274.74351 15.702 0.006
2276.80490 15.978 0.007
2278.66914 16.076 0.007
2280.74750 16.198 0.006
2282.74340 16.212 0.006
2289.80686 15.899 0.006
2294.79142 15.944 0.007
2298.80576 16.191 0.007
2300.78337 16.211 0.009
2302.75649 15.725 0.006
2315.68225 16.165 0.006
2324.54046 16.012 0.007
2328.52739 16.245 0.009
2340.51749 15.715 0.006
2364.51016 16.184 0.009
2385.52764 16.093 0.009
2529.87176 15.922 0.006
2539.87173 15.987 0.007
2545.83858 16.208 0.007
2552.89744 15.934 0.007
2556.88611 16.203 0.007
2560.79534 15.750 0.006
2561.79685 16.187 0.007
2565.80298 15.724 0.006
2574.75304 16.137 0.007
2578.82138 15.988 0.007
2586.74377 16.225 0.007
2590.79205 15.962 0.006
2596.79876 16.218 0.007
2605.83855 16.088 0.007
2609.80359 16.233 0.009
2610.63614 16.018 0.007
2610.74162 16.069 0.007
2610.84798 16.124 0.007
2611.64822 16.178 0.009
2611.71853 15.934 0.007
2613.62940 15.857 0.007
2613.70724 15.919 0.007
2614.67741 16.223 0.009
2614.76078 16.207 0.009
2614.85236 16.214 0.007
2615.66143 16.077 0.007
2615.78356 16.111 0.007
2615.84128 16.134 0.007
2617.74454 16.207 0.009
2617.85300 16.222 0.009
2618.66671 15.935 0.006
2618.76029 15.982 0.006
2619.62341 16.227 0.007
2619.73018 16.215 0.007
2619.85452 16.201 0.007
2620.65334 16.083 0.007
2620.73853 16.113 0.006
2620.85526 16.162 0.007
2621.76301 15.783 0.006
2621.85622 15.867 0.006
2622.65331 16.223 0.009
2622.85562 16.247 0.007
2623.65204 15.954 0.006
2623.74012 15.993 0.006
2623.85144 16.052 0.006
2624.68260 16.205 0.007
2624.75370 16.220 0.007
2624.84850 16.034 0.007
2625.66762 16.120 0.007
2625.71950 16.134 0.007
2626.63646 15.726 0.006
2627.74422 16.225 0.010
2627.76500 16.240 0.009
2627.81813 16.243 0.009
2628.66101 15.991 0.007
2628.73807 16.038 0.009
2628.80515 16.059 0.007
2629.65673 16.231 0.009
2629.76509 16.087 0.007
2629.78595 16.010 0.007
2629.84486 15.771 0.006
2630.64460 16.127 0.007
2630.72411 16.160 0.007
2630.80450 16.182 0.010
2631.65608 15.822 0.007
2631.73886 15.878 0.007
2631.84821 15.954 0.007
2632.61205 16.227 0.007
2632.68576 16.244 0.007
2632.73882 16.235 0.007
2632.81937 16.213 0.007
2634.61085 16.212 0.007
2634.70087 16.075 0.006
2635.66104 16.157 0.007
2635.73837 16.173 0.007
2635.78639 16.191 0.007
2635.84131 16.263 0.007
2636.68893 15.894 0.006
2636.76930 15.942 0.007
2636.84899 15.986 0.007
2637.65097 16.243 0.007
2637.72956 16.233 0.007
2637.83268 16.210 0.007
2638.63223 16.052 0.006
2638.70419 16.069 0.007
2638.73317 16.092 0.007
2638.83262 16.136 0.007
2639.60532 16.153 0.006
2639.68566 15.857 0.006
2639.84171 15.784 0.006
2640.61426 16.170 0.007
2640.75625 16.203 0.007
2641.61439 15.883 0.006
2641.75081 15.968 0.006
2641.86162 16.008 0.007
2642.61252 16.228 0.007
2642.71428 16.203 0.009
2643.61944 16.070 0.006
2643.76310 16.128 0.007
2644.60207 15.970 0.007
2644.71262 15.720 0.006
2645.61691 16.183 0.033
2645.75295 16.209 0.007
2645.85934 16.225 0.009
2646.62173 15.935 0.006
2646.71780 15.981 0.006
2646.74698 16.000 0.006
2649.61911 15.718 0.006
2649.71156 15.779 0.006
2650.63929 16.202 0.007
2650.70085 16.226 0.007
2650.81063 16.245 0.007
2651.63533 15.971 0.006
2651.73111 16.010 0.006
2652.60050 16.202 0.007
2652.67946 16.207 0.009
2652.77704 16.105 0.007
2652.86345 15.769 0.006
2653.60835 16.117 0.007
2653.78515 16.169 0.009
2654.62699 15.769 0.006
2654.70403 15.838 0.006
2654.79249 15.900 0.006
2654.84465 15.933 0.006
2655.61263 16.213 0.007
2655.81616 16.227 0.007
2656.62411 16.005 0.007
2656.69796 16.026 0.007
2656.77310 16.078 0.007
2656.87038 16.103 0.007
2657.62650 16.206 0.007
2657.86684 15.721 0.006
2658.58802 16.137 0.009
2658.66041 16.145 0.007
2658.68757 16.165 0.007
2658.76857 16.177 0.010
2659.64605 15.848 0.006
2659.78121 15.921 0.009
2660.60075 16.229 0.007
2660.67957 16.233 0.009
2660.75408 16.231 0.009
2661.60582 16.027 0.006
2661.65961 16.037 0.006
2661.86454 16.123 0.007
2662.64451 16.117 0.007
2662.69413 15.902 0.006
2662.78016 15.723 0.006
2663.65913 16.178 0.007
2664.66913 15.911 0.006
2664.70682 15.937 0.007
2665.69457 16.234 0.006
2665.82669 16.228 0.007
2666.64895 16.078 0.006
2666.73859 16.106 0.006
2666.76674 16.123 0.006
2666.83277 16.141 0.009
2667.68391 15.741 0.006
2668.72558 16.211 0.007
2668.75827 16.209 0.007
2670.71135 16.239 0.009
2671.69385 16.129 0.007
2672.67099 15.742 0.007
2672.77502 15.819 0.006
2672.81930 15.860 0.006
2674.67588 16.004 0.006
2674.72516 16.011 0.006
2674.79798 16.045 0.006
2675.65463 16.237 0.007
2675.76145 16.196 0.007
2676.71434 16.154 0.007
2676.74402 16.156 0.007
2677.66138 15.797 0.007
2677.72009 15.839 0.006
2678.63444 16.224 0.007
2678.76615 16.227 0.007
2678.78669 16.248 0.007
2679.65496 16.032 0.007
2679.79087 16.082 0.007
2680.67344 16.219 0.007
2680.77692 15.910 0.006
2681.61547 16.154 0.007
2681.72698 16.170 0.007
2682.59286 15.789 0.006
2683.62802 16.221 0.009
2687.60744 15.844 0.006
2692.62115 15.929 0.007
2696.59736 16.187 0.007
2701.58905 16.202 0.009
2708.51874 16.221 0.009
2715.51437 15.831 0.007
2870.93268 16.197 0.009
2890.86718 16.223 0.009
2895.90302 16.209 0.007
2900.86726 16.207 0.007
2911.85264 16.149 0.006
2917.76660 15.811 0.006
2922.88880 15.952 0.007
2926.82169 16.188 0.007
2931.74994 16.191 0.007
2934.79076 16.119 0.006
2940.77126 15.803 0.006
2943.77543 16.169 0.007
2947.78408 16.050 0.006
2950.69786 15.852 0.006
2954.72120 16.172 0.007
2956.76655 16.205 0.007
2958.80821 15.767 0.006
2962.80535 16.138 0.006
2965.82836 16.027 0.006
2968.69607 15.783 0.006
2973.76954 15.892 0.006
2976.63599 16.197 0.007
2978.83706 15.961 0.006
2980.75201 16.094 0.006
2982.76011 16.180 0.007
2984.79168 16.210 0.007
2987.67309 16.189 0.007
2989.63150 16.204 0.007
2991.70359 15.774 0.006
2993.71549 16.013 0.007
2995.79031 16.153 0.007
2997.76092 16.236 0.007
3000.70954 16.161 0.007
3002.69782 16.237 0.007
3004.69869 15.866 0.006
3006.64215 15.879 0.006
3008.79708 16.112 0.007
3010.71666 16.189 0.007
3011.77162 16.005 0.007
3015.78919 16.221 0.007
3017.77687 16.156 0.007
3019.73059 15.836 0.006
3021.82355 16.070 0.006
3023.68565 16.145 0.006
3025.65709 16.229 0.006
3027.70264 15.928 0.006
3029.68757 15.906 0.006
3031.75763 16.105 0.006
3033.82121 16.201 0.007
3036.61972 16.082 0.006
3039.56157 15.912 0.006
3041.66962 16.132 0.009
3043.68033 16.193 0.009
3045.74318 16.111 0.007
3047.69687 15.855 0.006
3048.62809 16.220 0.006
3050.64507 16.173 0.006
3052.64648 15.864 0.006
3054.65099 16.059 0.006
3056.63910 16.159 0.006
3058.63308 16.222 0.007
3060.68271 15.727 0.006
3066.54467 16.172 0.009
3068.56857 16.207 0.009
3073.66066 16.181 0.007
3076.58451 16.223 0.007
3078.67132 15.966 0.007
3082.64830 16.071 0.006
3085.55181 15.882 0.006
3088.51376 16.041 0.007
3090.65546 15.972 0.006
3093.53808 15.715 0.006
3099.52499 16.198 0.007
3102.61808 16.166 0.007
3105.62382 16.057 0.007
3111.55016 15.990 0.007
3129.49250 16.214 0.009
3134.51336 16.151 0.007
3216.90720 15.734 0.006
3242.84194 16.219 0.007
3248.89468 16.141 0.007
3264.84231 15.925 0.006
3274.79435 15.998 0.007
3282.82547 15.859 0.006
3287.79885 15.893 0.006
3295.75647 15.765 0.006
3297.74856 15.932 0.006
3299.81271 16.140 0.006
3301.81005 16.225 0.007
3304.87451 16.171 0.007
3307.74391 16.005 0.007
3309.77604 16.153 0.006
3311.77401 16.239 0.007
3320.82164 15.966 0.006
3327.78955 16.133 0.006
3330.74793 16.023 0.007
3334.84739 16.232 0.009
3339.79524 16.228 0.007
3353.84150 16.024 0.006
3357.63257 16.196 0.006
3360.67065 16.136 0.006
3363.77888 16.061 0.006
3369.85618 15.754 0.006
3375.79256 16.212 0.006
3378.71812 16.120 0.006
3387.71554 16.145 0.007
3394.60123 15.831 0.006
3396.65207 16.051 0.006
3399.75467 15.981 0.006
3403.74202 16.219 0.006
3408.62649 16.200 0.006
3413.58146 16.206 0.006
3417.59855 15.817 0.006
3425.60670 15.900 0.006
3431.59469 16.195 0.006
3437.57025 15.970 0.006
3446.53935 16.225 0.007
3456.51928 16.228 0.007
3474.48751 16.232 0.009
3603.92968 16.097 0.007
3619.87270 15.854 0.006
3639.81562 15.976 0.006
3644.85167 16.025 0.006
3651.79411 16.172 0.006
3654.84186 16.096 0.006
3658.80545 16.232 0.007
3660.83027 15.743 0.006
3665.82423 15.766 0.006
3670.79397 15.802 0.006
3673.80408 16.173 0.006
3676.80412 16.239 0.006
3684.85811 16.208 0.006
3687.83047 16.116 0.006
3690.75042 15.958 0.006
3693.78793 15.790 0.006
3695.81923 16.023 0.006
3698.80881 15.866 0.006
3700.82742 16.064 0.006
3703.76151 15.875 0.006
3705.82569 16.090 0.006
3708.81351 15.967 0.006
3712.77102 16.194 0.006
3714.84181 16.224 0.006
3717.73419 16.208 0.007
3720.82225 16.147 0.007
3724.73992 16.199 0.006
3727.81450 16.224 0.006
3728.77725 16.434 0.007
3731.78078 15.926 0.006
3732.76387 16.229 0.006
3735.62029 16.153 0.006
3737.79018 16.209 0.006
3740.75207 16.197 0.006
3742.75945 16.218 0.007
3745.79535 16.222 0.006
3747.79798 16.167 0.007
3748.76518 16.162 0.007
3750.77589 16.238 0.007
3752.78540 16.002 0.006
3754.80319 15.910 0.006
3757.58418 16.216 0.006
3759.78925 15.955 0.006
3763.66121 16.175 0.006
3766.61761 16.068 0.006
3770.70413 16.208 0.006
3773.73690 16.206 0.007
3776.70862 16.160 0.007
3783.57853 16.220 0.007
3788.55130 16.225 0.006
3792.58876 15.916 0.006
3800.57065 15.723 0.006
3810.52871 15.766 0.006
3824.49893 16.186 0.007
3964.92123 15.856 0.006
3970.84609 16.181 0.006
3981.91465 16.043 0.006
3990.90335 16.234 0.006
3998.90716 16.201 0.007
4003.72081 16.186 0.006
4005.89654 16.224 0.006
4006.74210 16.094 0.006
4008.76290 16.205 0.006
4013.76344 16.226 0.006
4019.87248 16.101 0.006
4024.75994 16.075 0.006
4026.83761 16.203 0.006
4029.78216 16.135 0.006
4032.81301 16.001 0.006
4038.76475 16.212 0.006
4041.72472 16.226 0.006
4043.72965 16.189 0.006
4046.82303 16.229 0.006
4049.69219 16.152 0.006
4052.75351 16.091 0.006
4054.74047 16.195 0.007
4056.79949 16.228 0.006
4058.84661 15.823 0.006
4063.72945 15.785 0.006
4065.85260 16.058 0.006
4067.69448 16.146 0.006
4070.71670 16.037 0.006
4074.78544 16.228 0.007
4077.83422 16.202 0.006
4080.71082 16.114 0.006
4084.63914 16.225 0.006
4086.79486 15.822 0.006
4093.83624 16.073 0.006
4111.77357 16.005 0.006
4117.71400 16.217 0.007
4124.77422 15.923 0.006
4142.75187 15.874 0.007
4156.58702 16.159 0.007
4168.54752 16.205 0.007
4198.50169 15.724 0.006
4343.83767 16.113 0.007
4347.90472 16.200 0.007
4353.83788 16.162 0.007
4358.78929 16.171 0.009
4363.83180 16.178 0.009
4367.79158 15.750 0.006
4370.82836 16.213 0.007
4373.82779 16.219 0.007
4377.84678 15.846 0.006
4380.89144 15.918 0.006
4386.83730 16.187 0.007
4390.79929 15.762 0.006
4394.81686 16.119 0.006
4399.77346 16.125 0.007
4407.73639 16.015 0.007
4412.75999 16.052 0.007
4418.84551 15.748 0.006
4422.73760 16.106 0.006
4427.71325 16.126 0.007
4430.71659 15.989 0.007
4433.73420 15.836 0.006
4436.81555 15.833 0.006
4440.67644 16.036 0.006
4443.76888 15.935 0.006
4449.73151 16.204 0.007
4451.77109 15.775 0.006
4452.75040 16.219 0.007
4455.74057 16.135 0.007
4457.77080 16.230 0.009
4459.73547 16.176 0.007
4462.71327 16.223 0.007
4464.78361 15.783 0.006
4467.75934 16.219 0.007
4471.81728 15.981 0.006
4472.64669 16.218 0.006
4476.70020 15.951 0.006
4480.80368 16.211 0.006
4483.79199 16.159 0.007
4486.81825 16.068 0.009
4492.67607 16.017 0.007
4497.73753 15.719 0.006
4500.61060 16.228 0.006
4502.72039 15.768 0.006
4507.72328 15.832 0.006
4509.67497 16.010 0.006
4518.63743 16.238 0.009
4521.67184 16.176 0.007
4523.65688 16.209 0.007
4525.62153 15.766 0.006
4531.59968 16.198 0.006
4533.59989 16.218 0.007
4537.64996 16.012 0.006
4539.56912 16.143 0.007
4541.65133 16.227 0.007
