2166.81545 16.119 0.008
2172.86425 15.877 0.007
2183.87557 16.016 0.008
2189.82153 16.113 0.010
2191.85072 16.117 0.007
2212.77181 16.067 0.007
2217.75676 16.031 0.008
2223.77700 16.126 0.007
2226.75187 16.060 0.007
2228.79540 16.097 0.008
2230.70852 16.109 0.008
2232.72905 16.120 0.007
2234.72281 15.938 0.007
2238.67367 15.906 0.007
2240.80258 16.011 0.007
2242.80837 16.066 0.008
2244.85501 16.099 0.010
2249.73544 16.029 0.007
2251.77027 16.061 0.007
2253.72017 16.097 0.007
2255.84426 16.107 0.008
2258.65121 16.034 0.007
2261.63679 15.854 0.007
2265.67896 16.021 0.007
2271.65194 16.104 0.007
2273.64763 16.107 0.008
2275.75789 15.850 0.007
2279.75778 15.981 0.007
2281.77165 16.010 0.007
2283.77476 16.077 0.007
2289.70391 16.056 0.007
2291.71132 15.863 0.007
2293.68344 15.893 0.007
2295.71019 15.957 0.007
2297.70106 16.019 0.008
2299.69983 16.062 0.007
2302.57015 15.890 0.007
2304.70670 15.979 0.008
2317.62017 16.083 0.008
2323.52041 16.014 0.008
2326.53805 16.089 0.008
2331.57321 16.043 0.008
2338.50568 16.005 0.010
2344.49848 16.107 0.010
2354.50022 15.998 0.010
2368.48422 15.939 0.008
2401.48611 16.109 0.010
2520.89513 15.904 0.008
2521.87446 16.073 0.007
2539.80385 16.094 0.008
2542.79626 15.967 0.008
2545.77795 15.897 0.008
2551.84151 16.006 0.007
2555.86557 16.092 0.008
2563.82469 15.875 0.007
2573.75457 16.114 0.010
2577.81548 15.861 0.007
2580.84493 16.096 0.007
2589.75087 16.125 0.008
2594.76572 16.062 0.010
2599.81142 16.004 0.007
2607.81173 16.073 0.007
2609.61583 16.071 0.008
2613.71555 15.933 0.008
2617.78024 16.050 0.008
2620.74832 15.900 0.007
2623.69266 16.121 0.008
2627.58884 15.865 0.008
2629.61447 15.889 0.007
2634.65859 15.891 0.007
2637.68460 16.095 0.008
2639.79942 16.074 0.007
2641.62205 16.040 0.007
2643.63307 15.842 0.007
2645.62580 15.889 0.007
2646.65320 16.117 0.008
2650.70873 15.853 0.007
2652.69558 15.886 0.007
2654.80424 15.978 0.008
2657.71878 15.943 0.008
2659.68774 15.845 0.007
2661.78747 15.938 0.007
2665.75739 16.046 0.007
2667.77755 16.091 0.007
2671.70312 16.120 0.010
2673.66566 15.984 0.007
2677.72814 15.934 0.007
2679.71885 16.003 0.008
2681.73460 16.049 0.008
2686.54325 15.927 0.008
2690.62151 16.059 0.008
2695.55206 15.945 0.007
2705.57499 16.068 0.007
2712.53741 16.131 0.008
2734.48707 15.912 0.010
2869.86908 15.987 0.008
2883.91834 15.956 0.007
2890.79822 15.866 0.008
2895.83398 15.980 0.008
2900.78961 16.109 0.007
2906.82063 15.875 0.007
2910.85407 16.015 0.007
2915.85034 15.918 0.007
2921.85260 16.080 0.008
2925.79812 16.129 0.008
2929.83307 15.840 0.007
2933.77968 15.964 0.007
2939.78824 16.109 0.008
2942.76365 15.999 0.007
2946.78409 16.088 0.008
2948.82922 16.121 0.008
2952.76844 15.914 0.007
2955.82553 16.116 0.008
2957.75311 16.121 0.008
2961.73643 15.854 0.007
2963.79467 15.910 0.008
2966.73411 16.112 0.007
2970.66068 15.847 0.007
2974.66281 15.967 0.007
2975.78800 16.002 0.007
2979.82445 15.912 0.007
2981.83171 15.985 0.010
2983.73249 16.020 0.007
2986.71495 15.852 0.007
2988.68179 15.911 0.007
2990.70236 15.973 0.007
2992.70327 16.038 0.007
2994.79403 16.093 0.007
2996.66953 16.108 0.007
2998.65284 16.119 0.008
3000.66963 16.011 0.007
3002.65680 15.840 0.007
3004.65659 15.895 0.007
3006.60229 15.955 0.007
3008.66534 16.017 0.010
3010.67684 16.077 0.008
3012.77229 16.122 0.010
3016.69099 15.975 0.007
3018.68087 15.839 0.007
3020.75617 15.939 0.008
3022.78266 16.001 0.007
3024.73121 16.044 0.007
3026.70025 16.077 0.007
3028.73602 16.106 0.007
3030.74098 16.113 0.007
3033.66296 16.053 0.007
3035.66912 16.086 0.007
3038.65278 15.963 0.008
3041.54995 16.004 0.008
3043.57972 15.845 0.007
3045.61872 15.932 0.007
3047.57293 15.980 0.007
3049.57862 16.030 0.007
3050.54925 15.881 0.007
3052.54352 15.865 0.007
3054.54513 15.953 0.007
3056.54427 15.999 0.007
3058.53731 16.048 0.007
3060.55846 16.090 0.007
3062.60576 16.114 0.007
3067.59379 16.079 0.008
3069.57861 16.106 0.008
3072.62673 16.019 0.008
3075.58130 15.848 0.007
3077.66416 15.940 0.007
3081.65609 16.065 0.007
3084.56434 15.872 0.007
3087.52832 16.143 0.008
3089.63185 15.907 0.007
3098.57355 15.855 0.007
3101.53385 16.108 0.008
3104.50529 15.989 0.007
3110.51360 16.132 0.008
3113.49728 16.022 0.008
3125.49466 15.894 0.007
3135.46059 16.126 0.010
3229.87474 16.069 0.007
3239.88876 16.071 0.007
3247.85965 15.856 0.007
3256.83110 15.855 0.007
3262.90682 16.038 0.007
3268.82857 16.131 0.007
3273.78742 16.072 0.008
3276.87297 15.990 0.007
3281.78318 15.857 0.006
3283.88295 15.968 0.006
3289.79687 16.090 0.007
3294.79483 16.023 0.007
3296.80023 16.063 0.006
3298.83077 16.104 0.006
3301.65111 15.948 0.007
3303.80255 16.041 0.008
3306.79499 15.897 0.007
3310.84413 16.041 0.007
3314.81166 16.096 0.008
3321.69044 16.072 0.007
3325.74834 16.119 0.007
3329.78361 15.866 0.006
3334.67970 16.115 0.008
3338.73574 15.883 0.006
3349.70792 15.975 0.007
3352.62241 15.944 0.007
3355.64431 16.088 0.008
3359.70108 15.985 0.007
3363.68118 15.914 0.007
3369.73783 16.074 0.007
3372.65321 15.921 0.006
3377.68736 15.833 0.006
3381.79307 16.007 0.006
3386.76997 15.898 0.006
3391.56073 16.097 0.008
3395.61167 15.862 0.007
3398.67228 16.076 0.007
3400.65868 15.890 0.007
3403.64738 16.075 0.007
3406.58137 15.974 0.006
3410.59918 16.072 0.007
3415.55474 16.003 0.007
3428.54930 16.114 0.007
3436.55244 15.898 0.006
3442.53171 16.062 0.007
3452.51492 15.885 0.006
3574.90548 15.861 0.007
3585.92829 15.923 0.006
3588.89582 16.062 0.007
3590.89773 15.855 0.006
3614.88706 16.053 0.007
3629.78248 16.067 0.007
3634.74066 16.109 0.007
3640.73596 15.845 0.006
3644.87930 16.003 0.007
3650.78907 16.121 0.007
3653.81700 16.015 0.007
3656.87296 15.901 0.006
3661.77940 16.053 0.007
3666.77659 16.121 0.007
3671.77500 16.071 0.007
3675.78942 16.131 0.007
3683.81255 15.961 0.006
3686.86020 15.850 0.006
3689.77805 16.104 0.007
3692.69858 15.958 0.007
3694.83082 16.057 0.007
3696.65139 16.073 0.007
3699.66365 15.929 0.006
3701.71479 16.011 0.006
3704.73606 15.849 0.006
3706.73461 15.907 0.006
3711.62638 15.965 0.007
3713.63999 15.840 0.006
3716.67347 16.124 0.008
3719.65072 16.050 0.007
3725.73406 16.071 0.008
3727.68198 15.901 0.007
3730.61030 16.084 0.007
3733.59900 15.969 0.007
3734.70181 15.993 0.007
3736.72078 15.846 0.006
3738.64269 15.885 0.006
3740.67775 15.973 0.007
3743.64320 15.940 0.007
3748.66970 16.122 0.008
3750.56200 16.098 0.008
3752.68320 15.848 0.006
3754.67104 15.910 0.007
3756.76639 15.991 0.008
3758.69245 16.040 0.008
3760.77413 16.098 0.008
3762.65053 16.091 0.007
3765.64116 15.982 0.006
3769.71305 16.096 0.007
3772.68124 15.983 0.007
3775.65266 15.927 0.007
3778.65167 16.106 0.007
3781.71271 16.013 0.007
3786.53572 15.863 0.007
3791.53130 16.029 0.007
3798.53164 16.114 0.007
3805.51679 16.138 0.008
3819.49562 16.098 0.007
3937.93578 15.957 0.007
3961.89056 16.130 0.008
3968.87311 16.105 0.007
3981.76622 15.970 0.007
3987.89023 16.001 0.007
3995.79785 16.124 0.007
4002.79732 16.121 0.007
4004.81846 16.023 0.007
4007.75116 16.072 0.007
4011.73184 16.135 0.007
4018.77129 16.127 0.007
4023.76569 16.072 0.007
4026.68168 15.934 0.007
4028.81770 16.035 0.007
4031.70544 15.857 0.006
4037.80582 16.045 0.007
4040.78111 15.891 0.006
4042.79660 15.966 0.006
4046.67141 16.052 0.008
4048.76077 16.103 0.007
4051.75040 15.983 0.007
4053.80174 16.061 0.007
4056.62159 15.850 0.007
4059.63262 16.137 0.007
4064.65528 16.079 0.007
4067.65579 15.953 0.006
4069.64387 16.023 0.007
4072.68107 15.874 0.007
4076.75146 16.011 0.007
4079.62641 15.869 0.006
4082.64705 16.113 0.007
4084.72752 16.099 0.007
4087.64724 16.061 0.006
4093.79559 15.904 0.006
4102.60184 15.989 0.007
4104.77052 15.889 0.007
4109.62734 16.070 0.007
4113.65063 15.892 0.006
4118.55762 16.045 0.007
4120.64359 15.855 0.006
4123.71775 16.137 0.007
4124.67442 15.999 0.006
4127.62831 15.857 0.006
4132.60631 16.129 0.007
4142.54118 16.023 0.008
4150.51827 16.066 0.008
4153.59282 16.093 0.008
4165.51504 15.997 0.010
4180.51303 16.137 0.010
4341.82757 16.074 0.008
4345.88675 16.139 0.008
4350.86123 16.101 0.008
4355.86880 16.037 0.008
4361.82962 16.125 0.008
4364.83644 16.049 0.008
4367.74892 15.877 0.008
4370.78580 16.138 0.008
4376.82096 15.934 0.007
4379.82727 16.031 0.008
4383.83154 15.905 0.007
4388.77143 15.979 0.008
4392.82567 15.916 0.007
4397.87467 15.864 0.007
4403.71434 16.006 0.008
4410.84156 16.008 0.007
4417.72949 15.943 0.007
4421.70543 16.050 0.007
4421.76137 16.066 0.007
4425.72548 16.122 0.008
4429.68968 15.917 0.008
4431.82948 15.905 0.008
4435.84829 16.046 0.008
4439.70199 16.085 0.008
4442.67923 15.966 0.007
4448.72830 16.125 0.008
4450.73961 16.124 0.008
4453.71520 16.058 0.007
4456.72860 15.905 0.007
4458.67620 15.965 0.008
4461.62633 15.980 0.007
4465.64711 15.924 0.007
4468.67787 16.052 0.007
4473.61419 16.103 0.007
4477.70167 15.909 0.007
4479.72326 15.879 0.007
4483.68316 15.998 0.007
4486.68164 15.857 0.007
4490.67989 15.967 0.008
4493.75064 15.856 0.008
4498.61580 16.130 0.007
4501.60885 16.046 0.007
4503.60533 16.095 0.008
4508.55263 16.000 0.007
4510.63384 16.055 0.007
4516.51453 16.119 0.011
4520.60456 15.888 0.007
4523.58806 16.127 0.007
4530.53146 16.118 0.008
4532.50349 16.124 0.010
4535.56179 16.070 0.008
4538.60317 15.946 0.008
4540.57241 15.991 0.008
