 726.84735 15.805 0.007
 729.74276 15.855 0.008
 741.79539 15.545 0.007
 744.79013 15.632 0.007
 746.81089 15.470 0.007
 747.75504 15.711 0.007
 748.71261 15.895 0.008
 749.84669 15.542 0.007
 750.82336 15.794 0.008
 751.82109 15.905 0.008
 754.77158 15.545 0.008
 759.68080 15.950 0.008
 761.83080 15.857 0.008
 769.80411 15.845 0.008
 776.79218 15.609 0.007
 778.82131 15.551 0.008
 780.80102 15.903 0.008
 782.78055 15.756 0.008
 789.81294 15.490 0.007
 792.71944 15.571 0.007
 795.80485 15.684 0.007
 796.75898 15.873 0.008
 798.82368 15.762 0.008
 817.72779 15.805 0.007
 824.74611 15.547 0.007
 826.71080 15.894 0.008
 827.71118 15.630 0.007
 828.70112 15.857 0.007
 830.77658 15.735 0.008
 831.56734 15.897 0.008
 832.55010 15.483 0.007
 833.55418 15.763 0.008
 834.67552 15.923 0.008
 834.80769 15.799 0.008
 835.66651 15.617 0.007
 837.68666 15.496 0.006
 838.73476 15.721 0.007
 839.68514 15.922 0.008
 841.72792 15.791 0.007
 842.76406 15.867 0.008
 843.80124 15.654 0.007
 844.54383 15.812 0.008
 846.79125 15.729 0.007
 850.78181 15.871 0.008
 855.67915 15.904 0.012
 856.75214 15.529 0.008
 857.74989 15.793 0.008
 858.73645 15.929 0.008
 859.77967 15.623 0.007
 860.62575 15.825 0.008
 866.60704 15.934 0.009
 874.59038 15.941 0.008
 876.62522 15.815 0.007
 876.72739 15.835 0.007
 878.63250 15.678 0.007
 880.64899 15.486 0.007
 885.56066 15.880 0.010
 887.69348 15.901 0.008
 890.71700 15.940 0.009
 891.55230 15.550 0.007
 892.51675 15.803 0.007
 893.68281 15.724 0.008
 896.53253 15.484 0.007
 900.58617 15.791 0.008
 919.58726 15.851 0.008
 925.59516 15.908 0.009
 934.54672 15.605 0.008
 937.56366 15.701 0.008
 950.54043 15.601 0.007
 952.53118 15.674 0.007
 953.51184 15.666 0.008
1074.84419 15.893 0.008
1076.82587 15.761 0.008
1080.78442 15.806 0.007
1083.84762 15.462 0.006
1084.84366 15.753 0.007
1086.86849 15.594 0.007
1090.74896 15.861 0.009
1092.76591 15.712 0.008
1093.80785 15.931 0.008
1106.79196 15.856 0.007
1108.81058 15.728 0.007
1114.81892 15.861 0.007
1120.76666 15.908 0.009
1126.78766 15.522 0.007
1129.84987 15.636 0.007
1132.84550 15.719 0.007
1135.79490 15.785 0.007
1140.84402 15.715 0.007
1142.79557 15.518 0.007
1152.75333 15.946 0.009
1154.77848 15.828 0.007
1156.74343 15.671 0.007
1158.81203 15.500 0.007
1160.80940 15.935 0.008
1164.79141 15.691 0.007
1165.83710 15.917 0.008
1167.76032 15.756 0.007
1168.71970 15.931 0.008
1171.76144 15.689 0.007
1175.76062 15.751 0.007
1179.81092 15.630 0.007
1181.77186 15.879 0.008
1184.71830 15.938 0.008
1187.70978 15.835 0.008
1188.72361 15.649 0.007
1189.77266 15.877 0.007
1191.78687 15.757 0.007
1192.79528 15.937 0.007
1193.83475 15.594 0.007
1194.71032 15.811 0.008
1201.79874 15.571 0.007
1202.80787 15.824 0.008
1204.71430 15.640 0.008
1206.81438 15.464 0.007
1207.72513 15.725 0.008
1208.78821 15.951 0.009
1212.78584 15.665 0.008
1214.69686 15.472 0.007
1215.60160 15.685 0.007
1216.71051 15.925 0.008
1217.75984 15.548 0.008
1218.73486 15.784 0.008
1219.67418 15.918 0.008
1220.78150 15.640 0.008
1221.64757 15.839 0.008
1223.73657 15.730 0.008
1226.62662 15.775 0.008
1227.63145 15.927 0.008
1230.69832 15.509 0.007
1232.73744 15.919 0.010
1235.63192 15.940 0.008
1238.60350 15.697 0.008
1240.72731 15.926 0.009
1242.59682 15.757 0.008
1243.69456 15.932 0.009
1245.67139 15.839 0.008
1248.54971 15.876 0.009
1251.54759 15.936 0.010
1255.55683 15.660 0.008
1256.59810 15.871 0.008
1258.63338 15.752 0.008
1259.64103 15.934 0.008
1261.59510 15.807 0.008
1266.52769 15.727 0.008
1267.58232 15.930 0.009
1268.59569 15.554 0.008
1274.59886 15.728 0.009
1277.58372 15.792 0.008
1279.56900 15.644 0.008
1281.59122 15.461 0.007
1289.48087 15.563 0.008
1290.55033 15.708 0.008
1298.47984 15.687 0.008
1301.55409 15.777 0.009
1305.58278 15.476 0.007
1312.55946 15.842 0.008
1317.49249 15.760 0.008
1319.54391 15.611 0.008
1327.48447 15.606 0.012
1329.47159 15.732 0.009
1330.53617 15.684 0.009
1335.48902 15.572 0.007
1431.88781 15.617 0.007
1433.88480 15.523 0.008
1436.80236 15.484 0.007
1439.89358 15.620 0.007
1443.83375 15.893 0.010
1447.84602 15.595 0.008
1449.88781 15.578 0.008
1454.85238 15.949 0.010
1459.81938 15.882 0.008
1461.85743 15.759 0.008
1462.84779 15.950 0.009
1471.84383 15.572 0.007
1476.73647 15.453 0.007
1478.81413 15.935 0.008
1481.85257 15.782 0.008
1484.80233 15.455 0.007
1488.83461 15.806 0.008
1491.81333 15.857 0.008
1494.81872 15.941 0.009
1496.70137 15.777 0.008
1498.72312 15.615 0.007
1502.71917 15.906 0.008
1505.75394 15.911 0.009
1507.75490 15.845 0.009
1508.65713 15.661 0.007
1509.82136 15.732 0.008
1511.67659 15.487 0.007
1514.72472 15.603 0.008
1516.69417 15.636 0.007
1518.66616 15.897 0.008
1520.69177 15.757 0.008
1522.77197 15.618 0.007
1523.66498 15.837 0.011
1524.83192 15.468 0.007
1526.66957 15.890 0.008
1527.83583 15.530 0.007
1529.73905 15.935 0.008
1531.84176 15.855 0.008
1538.79794 15.611 0.007
1542.82257 15.911 0.008
1543.85529 15.521 0.007
1544.76440 15.762 0.008
1548.79728 15.605 0.007
1549.80986 15.697 0.007
1552.73319 15.756 0.007
1553.80816 15.934 0.008
1554.82340 15.602 0.007
1555.81739 15.842 0.008
1562.80938 15.593 0.007
1566.65885 15.875 0.009
1568.68045 15.735 0.008
1571.74515 15.822 0.008
1574.79716 15.894 0.008
1576.65103 15.723 0.007
1578.75135 15.566 0.008
1581.70068 15.646 0.008
1583.73995 15.462 0.007
1585.68607 15.929 0.008
1588.66081 15.912 0.009
1591.62453 15.532 0.009
1595.64029 15.788 0.008
1596.75354 15.870 0.008
1599.74547 15.458 0.007
1600.72302 15.718 0.008
1601.75131 15.941 0.009
1602.73281 15.548 0.007
1605.52414 15.595 0.008
1606.69950 15.842 0.008
1609.71294 15.921 0.008
1610.73050 15.543 0.007
1611.70783 15.785 0.008
1613.69849 15.624 0.008
1614.69402 15.842 0.009
1615.70848 15.498 0.008
1617.68972 15.925 0.008
1618.68814 15.515 0.008
1620.50590 15.917 0.009
1621.68503 15.615 0.008
1623.67090 15.574 0.008
1625.67531 15.908 0.008
1626.67632 15.501 0.007
1628.66465 15.942 0.008
1630.68388 15.849 0.008
1633.64716 15.887 0.008
1634.64058 15.490 0.007
1635.65427 15.762 0.008
1644.60442 15.944 0.008
1653.56396 15.557 0.008
1655.59975 15.831 0.008
1657.58891 15.855 0.009
1659.59254 15.733 0.008
1662.58203 15.821 0.008
1665.56404 15.872 0.009
1671.54182 15.915 0.009
1684.48375 15.910 0.010
1695.50955 15.942 0.008
1788.88699 15.924 0.008
1809.86824 15.847 0.007
1811.89321 15.717 0.007
1815.87671 15.930 0.008
1822.75836 15.754 0.007
1830.86666 15.775 0.008
1851.81469 15.670 0.008
1858.74657 15.873 0.009
1861.77431 15.450 0.007
1863.81620 15.938 0.008
1866.76685 15.872 0.008
1868.77127 15.873 0.007
1869.80578 15.450 0.007
1872.78933 15.541 0.007
2187.77543 15.627 0.008
2190.87485 15.514 0.007
2193.84406 15.604 0.007
2202.84381 15.822 0.007
2215.79662 15.756 0.008
2222.79648 15.468 0.007
2224.84405 15.935 0.008
2227.75494 15.819 0.008
2229.76067 15.864 0.008
2231.72920 15.731 0.007
2233.69740 15.541 0.007
2237.61661 15.827 0.009
2239.67767 15.708 0.008
2241.76931 15.554 0.007
2243.83958 15.772 0.008
2248.69911 15.918 0.008
2250.73057 15.784 0.007
2252.82764 15.650 0.007
2254.74564 15.448 0.006
2257.76315 15.537 0.007
2260.77274 15.620 0.007
2265.71118 15.529 0.007
2266.79114 15.786 0.007
2270.82265 15.454 0.006
2272.67482 15.901 0.008
2274.80115 15.777 0.008
2276.85651 15.647 0.007
2278.81552 15.458 0.007
2280.79522 15.901 0.008
2282.79904 15.779 0.008
2290.69817 15.760 0.007
2293.81325 15.833 0.009
2295.83711 15.712 0.007
2297.82390 15.536 0.007
2299.84033 15.919 0.008
2301.73443 15.814 0.008
2302.80963 15.511 0.007
2303.73241 15.676 0.008
2321.70253 15.453 0.007
2328.57954 15.845 0.008
2334.57765 15.895 0.008
2340.56931 15.515 0.007
2346.50996 15.683 0.008
2360.50495 15.820 0.009
2391.50593 15.553 0.008
2540.88360 15.453 0.007
2548.82061 15.490 0.007
2553.78728 15.919 0.010
2557.85267 15.698 0.008
2561.85071 15.909 0.008
2565.85910 15.707 0.008
2574.82947 15.914 0.008
2578.87275 15.623 0.008
2586.77124 15.595 0.007
2590.84454 15.900 0.008
2596.85155 15.603 0.007
2606.74781 15.874 0.008
2610.64983 15.525 0.007
2614.81872 15.880 0.008
2619.69540 15.791 0.007
2621.82267 15.653 0.007
2624.71980 15.722 0.008
2627.84251 15.809 0.009
2630.61219 15.832 0.008
2632.76309 15.711 0.007
2636.71292 15.916 0.008
2638.75717 15.855 0.008
2641.80557 15.921 0.008
2643.79997 15.796 0.008
2645.80071 15.646 0.007
2649.67336 15.906 0.008
2651.75311 15.796 0.008
2653.75001 15.624 0.007
2655.78449 15.455 0.007
2657.77666 15.924 0.008
2659.82965 15.798 0.008
2661.62982 15.586 0.007
2666.61372 15.463 0.007
2668.84206 15.876 0.009
2673.78751 15.918 0.009
2676.76782 15.919 0.008
2678.81375 15.846 0.007
2680.70595 15.678 0.007
2684.58517 15.923 0.008
2688.55888 15.635 0.007
2692.53331 15.918 0.008
2697.54825 15.856 0.008
2702.54984 15.797 0.008
2708.57668 15.917 0.008
2725.50920 15.497 0.007
2875.87789 15.679 0.008
2884.89992 15.886 0.008
2890.91986 15.688 0.010
2896.87475 15.573 0.008
2902.80577 15.726 0.007
2912.80966 15.540 0.006
2917.81790 15.459 0.007
2923.82060 15.639 0.007
2926.87302 15.727 0.007
2931.80174 15.627 0.007
2934.84192 15.714 0.008
2940.82219 15.851 0.008
2943.82697 15.923 0.008
2947.83516 15.624 0.007
2950.75152 15.689 0.007
2956.81770 15.832 0.008
2958.86222 15.702 0.008
2963.75362 15.603 0.008
2966.77384 15.681 0.007
2968.74258 15.463 0.007
2971.80455 15.596 0.007
2974.82760 15.687 0.007
2976.68753 15.460 0.007
2979.67142 15.562 0.007
2981.69201 15.856 0.010
2983.82388 15.893 0.008
2985.79095 15.752 0.007
2987.74747 15.565 0.007
2989.68768 15.850 0.008
2991.76154 15.876 0.008
2993.76768 15.743 0.008
2995.84295 15.590 0.007
2997.81412 15.753 0.008
2998.75950 15.661 0.007
3000.76809 15.461 0.007
3002.75965 15.929 0.008
3004.75258 15.799 0.007
3006.74580 15.635 0.007
3010.80649 15.939 0.008
3012.81201 15.798 0.009
3016.75647 15.457 0.007
3018.78713 15.925 0.008
3020.85076 15.814 0.008
3021.87568 15.740 0.008
3023.73703 15.856 0.008
3025.74023 15.713 0.007
3027.75876 15.541 0.007
3029.74319 15.891 0.008
3031.81518 15.864 0.008
3034.64028 15.883 0.007
3036.67051 15.770 0.007
3039.61252 15.814 0.008
3041.69539 15.701 0.008
3042.72044 15.906 0.008
3044.65948 15.755 0.008
3046.64564 15.586 0.007
3048.67881 15.629 0.007
3050.67562 15.878 0.007
3052.67208 15.750 0.007
3054.67759 15.591 0.007
3056.66540 15.694 0.007
3058.65866 15.881 0.007
3060.70812 15.751 0.007
3068.62408 15.733 0.008
3071.52239 15.775 0.008
3074.52206 15.861 0.008
3076.64114 15.748 0.008
3079.63847 15.805 0.008
3082.70614 15.878 0.007
3085.60936 15.940 0.008
3088.56554 15.894 0.008
3091.56989 15.468 0.007
3100.52808 15.679 0.008
3103.53571 15.772 0.008
3106.56810 15.834 0.007
3109.55266 15.916 0.008
3113.57021 15.617 0.008
3127.52815 15.757 0.007
3133.54383 15.883 0.008
3230.91852 15.549 0.007
3242.89286 15.840 0.008
3249.85985 15.596 0.007
3260.85176 15.674 0.007
3264.89374 15.943 0.007
3271.84216 15.756 0.008
3274.84546 15.807 0.008
3279.79905 15.732 0.008
3282.86469 15.823 0.007
3295.80805 15.740 0.007
3297.79949 15.550 0.006
3301.87888 15.881 0.009
3305.76979 15.519 0.007
3307.79462 15.922 0.009
3309.83105 15.867 0.007
3315.86408 15.876 0.008
3321.73116 15.508 0.007
3324.83906 15.617 0.007
3327.84528 15.719 0.007
3336.67085 15.879 0.008
3339.85273 15.925 0.008
3353.75425 15.478 0.006
3357.78193 15.820 0.007
3360.75980 15.893 0.007
3363.83435 15.942 0.008
3370.79164 15.761 0.008
3376.74370 15.866 0.008
3378.76888 15.735 0.007
3387.76676 15.939 0.009
3394.65776 15.712 0.007
3396.67877 15.532 0.007
3399.80598 15.668 0.008
3402.71602 15.716 0.007
3404.64759 15.521 0.007
3409.56445 15.739 0.007
3413.60766 15.752 0.007
3418.55960 15.670 0.007
3426.55111 15.658 0.007
3432.53698 15.813 0.007
3439.51309 15.542 0.007
3447.53856 15.564 0.007
3457.51554 15.930 0.009
3603.86948 15.848 0.007
3620.90580 15.522 0.006
3630.81686 15.897 0.008
3637.75750 15.672 0.008
3640.81345 15.754 0.007
3651.84592 15.825 0.007
3658.85806 15.582 0.007
3660.85542 15.784 0.008
3664.86500 15.755 0.007
3668.84888 15.811 0.008
3672.83755 15.736 0.007
3676.72429 15.937 0.008
3685.79417 15.633 0.007
3688.72831 15.694 0.007
3690.80309 15.542 0.007
3693.70474 15.606 0.007
3696.74717 15.697 0.007
3699.76013 15.777 0.007
3701.81327 15.630 0.007
3703.81195 15.495 0.006
3706.68751 15.489 0.006
3711.72274 15.670 0.007
3713.81064 15.918 0.008
3715.78712 15.768 0.007
3718.75602 15.837 0.007
3722.65092 15.457 0.007
3726.73310 15.827 0.008
3728.79542 15.683 0.007
3730.76518 15.483 0.006
3732.84068 15.925 0.007
3734.83353 15.834 0.007
3735.68192 15.829 0.007
3737.84045 15.898 0.007
3739.85912 15.767 0.007
3741.59740 15.537 0.007
3743.76935 15.729 0.007
3746.81173 15.492 0.006
3748.79046 15.942 0.008
3750.80526 15.823 0.008
3753.67831 15.869 0.008
3755.75995 15.728 0.007
3757.77937 15.570 0.006
3760.75903 15.664 0.007
3763.71197 15.729 0.006
3766.72875 15.808 0.007
3770.75623 15.456 0.007
3774.62962 15.792 0.008
3777.58816 15.833 0.007
3781.75249 15.546 0.007
3786.60485 15.627 0.007
3793.55453 15.825 0.007
3801.54451 15.804 0.007
3811.53711 15.646 0.007
3828.50102 15.854 0.008
3958.93024 15.735 0.008
3965.87978 15.472 0.006
3970.89992 15.892 0.007
3982.85046 15.717 0.007
3993.80358 15.773 0.008
4002.86398 15.939 0.007
4004.88224 15.839 0.007
4006.79177 15.676 0.007
4008.81280 15.492 0.006
4013.82438 15.709 0.007
4019.82713 15.600 0.007
4029.83367 15.744 0.007
4032.86844 15.475 0.007
4039.70059 15.850 0.007
4041.77433 15.732 0.007
4049.74260 15.716 0.007
4052.80410 15.801 0.007
4054.79090 15.651 0.007
4056.84941 15.461 0.006
4059.74402 15.530 0.006
4064.85776 15.456 0.006
4066.81421 15.915 0.007
4068.84905 15.793 0.007
4070.77149 15.623 0.007
4074.81025 15.930 0.008
4077.85909 15.876 0.008
4080.73879 15.585 0.007
4083.72550 15.504 0.007
4085.78906 15.929 0.008
4095.65042 15.820 0.007
4103.78086 15.842 0.008
4106.61161 15.862 0.008
4112.78595 15.650 0.007
4121.78048 15.687 0.007
4126.75997 15.592 0.007
4129.79358 15.676 0.007
4143.57048 15.751 0.008
4157.56966 15.886 0.009
4169.52547 15.577 0.007
4199.49494 15.723 0.008
4343.88739 15.722 0.008
4348.86011 15.625 0.007
4353.88767 15.541 0.007
4358.83984 15.525 0.008
4363.85664 15.920 0.009
4367.84482 15.699 0.008
4371.79434 15.936 0.008
4378.73374 15.746 0.008
4381.76932 15.826 0.009
4386.88689 15.780 0.009
4390.84887 15.631 0.007
4395.71567 15.923 0.008
4399.87431 15.687 0.008
4408.72818 15.857 0.008
4412.81164 15.582 0.008
4427.76317 15.920 0.009
4430.76648 15.888 0.008
4433.78396 15.456 0.007
4437.71057 15.777 0.008
4440.73018 15.835 0.008
4443.84776 15.927 0.009
4449.78953 15.480 0.007
4451.82515 15.936 0.009
4455.79484 15.636 0.007
4458.77350 15.709 0.007
4462.76753 15.911 0.008
4464.81310 15.837 0.008
4467.78422 15.909 0.008
4472.70013 15.815 0.007
4476.78719 15.509 0.007
4480.73760 15.833 0.006
4484.81703 15.517 0.007
4488.73789 15.820 0.008
4492.75718 15.484 0.007
4497.76119 15.675 0.007
4500.63424 15.443 0.006
4502.74408 15.928 0.009
4507.74810 15.895 0.009
4509.69878 15.737 0.008
4512.74748 15.818 0.007
4518.69632 15.937 0.010
4521.73380 15.815 0.008
4524.63341 15.484 0.007
4530.65950 15.633 0.007
4533.62515 15.693 0.006
4534.62802 15.908 0.008
4538.64264 15.614 0.008
4542.55071 15.879 0.009
