 726.80988 13.266 0.007
 728.87317 12.635 0.007
 729.85607 12.777 0.007
 739.84076 13.316 0.007
 742.85305 13.273 0.007
 744.82591 13.249 0.007
 745.83546 12.691 0.007
 746.87352 12.742 0.007
 747.69291 12.810 0.007
 748.67030 12.829 0.007
 750.75059 12.873 0.007
 751.78108 12.914 0.007
 752.84248 12.975 0.007
 754.85076 13.144 0.007
 755.75460 13.212 0.007
 759.75117 13.302 0.007
 760.80568 13.236 0.007
 762.82641 12.810 0.007
 769.83880 12.959 0.007
 773.82621 13.278 0.007
 776.85221 13.303 0.007
 779.79314 13.000 0.007
 781.80967 12.796 0.007
 783.81809 12.844 0.007
 788.82060 13.086 0.007
 790.83534 13.266 0.007
 795.79205 13.278 0.007
 798.78732 12.781 0.007
 816.84299 12.824 0.007
 817.78546 12.840 0.007
 824.73285 13.222 0.007
 826.72951 13.349 0.007
 827.67557 13.354 0.007
 828.73499 13.282 0.007
 829.79952 13.244 0.007
 831.62458 12.847 0.007
 832.74748 12.710 0.007
 833.68027 12.819 0.007
 834.73330 12.832 0.007
 835.70048 12.847 0.007
 836.66928 12.875 0.007
 837.65082 12.908 0.007
 838.77844 12.979 0.007
 839.64946 13.032 0.007
 840.76987 13.114 0.007
 842.68196 13.288 0.007
 844.62968 13.366 0.007
 845.65477 13.311 0.007
 850.72582 12.802 0.007
 854.76326 12.899 0.007
 855.74788 12.950 0.007
 856.65523 13.010 0.007
 857.71350 13.098 0.007
 858.66736 13.182 0.007
 859.74326 13.272 0.007
 860.68443 13.334 0.007
 865.55214 13.170 0.007
 867.60757 12.780 0.007
 874.71913 13.085 0.007
 876.58826 13.249 0.007
 880.61193 13.265 0.007
 885.61861 12.829 0.007
 887.65692 12.858 0.007
 890.68053 12.985 0.007
 892.57405 13.131 0.007
 898.59509 13.264 0.007
 922.51466 12.866 0.007
1041.91100 12.848 0.007
1072.88659 12.676 0.007
1079.82941 12.974 0.007
1081.82303 13.129 0.007
1084.80491 13.349 0.007
1086.82520 13.289 0.007
1089.78825 12.839 0.007
1090.81005 12.686 0.007
1102.87218 13.358 0.007
1107.85518 12.656 0.007
1109.80488 12.825 0.007
1116.81256 13.179 0.007
1126.71430 12.817 0.007
1129.81305 12.887 0.007
1131.81772 13.018 0.007
1132.80957 13.075 0.007
1134.82264 13.252 0.007
1151.85459 13.240 0.007
1153.72621 13.360 0.007
1155.68189 13.291 0.007
1157.74249 13.282 0.007
1159.74749 12.708 0.007
1167.74408 13.114 0.007
1168.75510 13.209 0.007
1171.72294 13.360 0.007
1174.85076 13.281 0.007
1178.76872 12.821 0.007
1181.73427 12.902 0.007
1183.76782 13.022 0.007
1191.82326 13.283 0.007
1192.85401 12.989 0.007
1194.67352 12.792 0.007
1196.69042 12.844 0.007
1202.69579 13.161 0.007
1204.67592 13.325 0.007
1207.68870 13.254 0.007
1211.68101 12.757 0.007
1213.71526 12.830 0.007
1214.72318 12.857 0.007
1215.54928 12.879 0.007
1216.61734 12.920 0.007
1217.68493 12.988 0.007
1219.62219 13.140 0.007
1221.59284 13.303 0.007
1223.68300 13.341 0.007
1224.56262 13.291 0.007
1226.57091 13.269 0.007
1227.57796 12.762 0.007
1232.66758 12.873 0.007
1235.56875 13.030 0.007
1237.55266 13.203 0.007
1238.65466 13.295 0.007
1241.55486 13.303 0.007
1242.62827 13.234 0.007
1243.57200 13.290 0.007
1245.54055 12.657 0.007
1247.67496 12.822 0.007
1248.64267 12.844 0.007
1251.59723 12.957 0.007
1254.55112 13.185 0.007
1255.58412 13.272 0.007
1257.61574 13.357 0.007
1260.60180 13.280 0.007
1264.59221 12.825 0.007
1266.59399 12.859 0.007
1267.61006 12.888 0.007
1275.53249 13.336 0.007
1278.51513 13.205 0.007
1281.52318 12.814 0.007
1290.49290 13.305 0.007
1296.58381 12.686 0.007
1300.52989 12.847 0.007
1305.50831 13.115 0.007
1308.53930 13.346 0.007
1315.49851 12.799 0.007
1318.48122 12.867 0.007
1320.52340 12.950 0.007
1331.48585 12.669 0.007
1431.82916 13.242 0.007
1437.86632 12.835 0.007
1440.90531 12.950 0.007
1448.86114 13.237 0.007
1459.88686 13.083 0.007
1471.74365 12.835 0.007
1475.83810 12.982 0.007
1478.76281 13.227 0.007
1484.82934 13.254 0.007
1487.82212 12.810 0.007
1491.76086 12.917 0.007
1495.74622 13.203 0.007
1500.80791 13.232 0.007
1503.69821 12.666 0.007
1505.80505 12.827 0.007
1508.81767 12.901 0.007
1511.72735 13.097 0.007
1512.76138 13.187 0.007
1516.82164 13.304 0.007
1518.69350 13.287 0.007
1520.71882 12.648 0.007
1523.71967 12.840 0.007
1525.69560 12.890 0.007
1531.70427 13.323 0.007
1538.66139 12.754 0.007
1542.77158 12.881 0.007
1552.63965 13.245 0.007
1555.66642 12.720 0.007
1578.69248 12.955 0.007
1580.70326 13.104 0.007
1601.61491 13.356 0.007
1602.68136 13.323 0.007
1604.61295 13.278 0.007
1606.56994 12.642 0.007
1609.52615 12.840 0.007
1610.54109 12.860 0.007
1611.60117 12.887 0.007
1613.58155 12.987 0.007
1614.65264 13.079 0.007
1616.51025 13.227 0.007
1618.65947 13.357 0.007
1619.54951 13.338 0.007
1621.54564 13.248 0.007
1623.64281 12.671 0.007
1625.62385 12.811 0.007
1627.59413 12.852 0.007
1631.50349 13.023 0.007
1633.61894 13.220 0.007
1643.57791 12.840 0.007
1655.54028 13.227 0.007
1657.54975 12.978 0.007
1660.52459 12.825 0.007
1662.53193 12.857 0.007
1664.55502 12.940 0.007
1669.52493 13.328 0.007
1672.49763 13.244 0.007
1687.49528 13.357 0.007
1695.48061 12.832 0.007
1766.87337 12.898 0.007
1773.91735 13.361 0.007
1804.85224 13.150 0.007
1811.87280 13.245 0.007
1829.87994 12.795 0.007
1858.77329 13.341 0.007
1870.84158 12.938 0.007
