2165.90781 15.768 0.008
2166.82639 15.326 0.006
2172.87516 15.418 0.006
2189.83242 15.363 0.006
2191.86676 15.741 0.006
2200.86778 15.610 0.007
2212.78174 15.370 0.006
2217.76665 15.686 0.007
2223.78693 15.601 0.006
2226.76177 15.553 0.006
2228.80529 15.286 0.006
2230.71841 15.673 0.007
2232.73892 15.433 0.006
2234.73269 15.743 0.007
2238.68353 15.298 0.006
2240.81245 15.717 0.007
2242.81825 15.485 0.007
2249.75148 15.564 0.006
2251.78397 15.296 0.006
2253.74440 15.686 0.006
2255.85416 15.458 0.006
2258.66107 15.390 0.006
2261.64668 15.308 0.006
2265.74871 15.487 0.006
2271.66182 15.379 0.006
2273.65753 15.752 0.007
2275.76778 15.529 0.006
2277.76255 15.261 0.006
2279.76765 15.652 0.006
2281.78152 15.429 0.006
2283.78464 15.748 0.006
2289.71377 15.683 0.006
2291.72123 15.446 0.006
2293.69334 15.700 0.007
2295.72011 15.580 0.006
2297.71097 15.342 0.006
2299.73336 15.716 0.006
2302.58061 15.647 0.006
2304.71665 15.431 0.006
2317.63015 15.395 0.006
2323.53133 15.253 0.006
2326.54894 15.541 0.006
2338.51662 15.631 0.007
2344.50940 15.535 0.006
2354.51119 15.588 0.008
2368.49521 15.726 0.008
2401.49721 15.759 0.007
2520.90608 15.474 0.006
2521.88540 15.650 0.007
2537.83878 15.586 0.008
2539.81387 15.337 0.006
2542.80625 15.250 0.006
2545.78791 15.487 0.007
2551.85236 15.750 0.007
2555.87643 15.262 0.006
2559.78533 15.409 0.006
2563.83554 15.547 0.006
2573.76449 15.607 0.007
2577.82538 15.713 0.007
2580.85482 15.657 0.006
2589.76163 15.504 0.006
2599.82219 15.562 0.006
2609.63466 15.559 0.007
2620.75892 15.752 0.007
2623.70321 15.714 0.007
2627.59943 15.468 0.007
2629.62433 15.615 0.007
2631.67359 15.402 0.007
2634.66847 15.328 0.006
2637.69448 15.271 0.006
2639.80927 15.681 0.006
2641.63191 15.424 0.006
2643.64295 15.755 0.007
2645.63567 15.575 0.006
2646.66309 15.749 0.007
2650.71939 15.283 0.006
2652.70958 15.644 0.007
2654.81413 15.435 0.006
2657.72867 15.368 0.006
2659.69765 15.736 0.007
2661.79735 15.515 0.006
2665.76732 15.640 0.006
2667.78748 15.427 0.006
2673.67649 15.274 0.006
2675.70341 15.661 0.006
2677.73807 15.443 0.006
2679.72879 15.722 0.006
2681.76064 15.597 0.006
2686.55395 15.401 0.007
2690.63220 15.416 0.007
2695.56280 15.704 0.007
2700.51384 15.432 0.006
2705.58573 15.759 0.007
2712.54819 15.629 0.007
2734.49789 15.655 0.008
2869.87918 15.277 0.006
2884.84123 15.620 0.007
2890.80902 15.529 0.007
2895.84472 15.509 0.006
2900.80037 15.560 0.006
2906.83134 15.453 0.006
2910.86481 15.590 0.006
2915.86098 15.280 0.006
2921.86328 15.703 0.007
2925.82451 15.317 0.006
2925.83937 15.314 0.006
2929.84371 15.476 0.006
2933.79033 15.597 0.006
2939.79887 15.499 0.006
2942.77429 15.452 0.006
2946.79472 15.593 0.007
2948.83981 15.361 0.006
2952.77909 15.477 0.006
2955.83613 15.448 0.007
2957.76367 15.741 0.007
2961.74702 15.300 0.006
2963.80525 15.707 0.007
2966.74466 15.637 0.006
2970.67121 15.753 0.007
2974.67339 15.264 0.006
2975.79852 15.502 0.006
2979.83502 15.644 0.006
2981.84224 15.424 0.007
2983.74302 15.769 0.007
2986.72549 15.710 0.007
2988.69238 15.469 0.006
2990.71702 15.531 0.006
2992.71385 15.609 0.006
2994.80461 15.390 0.006
2996.68012 15.738 0.007
2998.66339 15.508 0.006
3000.68021 15.329 0.006
3002.66742 15.640 0.006
3004.66716 15.396 0.006
3006.61286 15.749 0.006
3010.68743 15.272 0.006
3012.78287 15.695 0.008
3016.70158 15.728 0.007
3018.69144 15.575 0.006
3020.76678 15.347 0.006
3022.79321 15.720 0.007
3024.74182 15.481 0.006
3026.71087 15.522 0.006
3028.74660 15.621 0.006
3030.75165 15.386 0.006
3033.67357 15.294 0.006
3035.67974 15.687 0.007
3038.66340 15.626 0.007
3041.56054 15.568 0.007
3043.59035 15.326 0.006
3045.62939 15.717 0.007
3047.58354 15.480 0.006
3049.58925 15.553 0.006
3050.55988 15.409 0.006
3052.55417 15.770 0.007
3054.55584 15.561 0.006
3056.55498 15.283 0.006
3058.54801 15.670 0.006
3060.56911 15.449 0.006
3069.58937 15.273 0.006
3072.63747 15.355 0.006
3075.59205 15.728 0.007
3078.51332 15.744 0.007
3081.66682 15.729 0.007
3084.57902 15.662 0.006
3087.53997 15.606 0.007
3089.64263 15.391 0.006
3092.58141 15.319 0.006
3098.58437 15.654 0.007
3101.54468 15.777 0.007
3104.51611 15.706 0.007
3110.52445 15.628 0.007
3113.50809 15.576 0.007
3125.50554 15.354 0.006
3135.47146 15.393 0.006
3229.88560 15.266 0.006
3239.89950 15.328 0.006
3247.87041 15.604 0.006
3256.84185 15.454 0.006
3268.83925 15.503 0.006
3273.79813 15.575 0.006
3276.88361 15.522 0.006
3281.79381 15.667 0.006
3283.89362 15.602 0.006
3289.80751 15.492 0.006
3294.80545 15.718 0.006
3296.81088 15.590 0.006
3298.84145 15.340 0.006
3301.66172 15.361 0.006
3303.81319 15.670 0.007
3306.80560 15.617 0.006
3308.82238 15.383 0.006
3310.85472 15.753 0.006
3314.82224 15.295 0.006
3321.70103 15.332 0.006
3329.79415 15.631 0.006
3334.69029 15.313 0.006
3338.74633 15.471 0.006
3349.71848 15.678 0.006
3352.63300 15.619 0.006
3355.65486 15.587 0.007
3359.71385 15.719 0.006
3363.69176 15.531 0.006
3369.75391 15.761 0.007
3372.66379 15.696 0.006
3377.69794 15.418 0.006
3381.80849 15.578 0.006
3386.78058 15.304 0.006
3391.57135 15.576 0.006
3395.62611 15.690 0.006
3398.68288 15.661 0.006
3400.66926 15.442 0.006
3403.65804 15.382 0.006
3406.59199 15.289 0.006
3410.60973 15.439 0.006
3415.56531 15.754 0.006
3421.56977 15.649 0.006
3436.56307 15.411 0.006
3443.50579 15.483 0.006
3452.52561 15.325 0.006
3574.91622 15.582 0.006
3585.93905 15.758 0.007
3588.90656 15.751 0.006
3590.90844 15.510 0.006
3614.89775 15.726 0.006
3629.79311 15.447 0.006
3634.75123 15.753 0.007
3640.74760 15.653 0.006
3644.88989 15.720 0.006
3650.79968 15.688 0.006
3653.82757 15.650 0.006
3656.88353 15.616 0.006
3661.78993 15.283 0.006
3666.78711 15.624 0.006
3671.78550 15.333 0.006
3675.79992 15.478 0.006
3683.82308 15.754 0.006
3687.68492 15.401 0.006
3689.78851 15.635 0.006
3692.70905 15.569 0.006
3694.84131 15.357 0.006
3696.66184 15.699 0.006
3699.67411 15.663 0.006
3701.72527 15.426 0.006
3704.74655 15.379 0.006
3706.74506 15.746 0.006
3711.63685 15.455 0.006
3713.65046 15.668 0.006
3716.68393 15.762 0.007
3719.66118 15.716 0.007
3725.74450 15.631 0.006
3727.69245 15.394 0.006
3730.62079 15.308 0.006
3733.60947 15.270 0.006
3734.71230 15.488 0.006
3736.73128 15.439 0.006
3738.65318 15.606 0.006
3740.68817 15.375 0.006
3743.65366 15.302 0.006
3746.72758 15.262 0.006
3748.68019 15.632 0.006
3750.57247 15.399 0.006
3752.69371 15.760 0.006
3754.68211 15.546 0.006
3758.70299 15.672 0.006
3762.66106 15.723 0.006
3765.65166 15.744 0.006
3769.72363 15.274 0.006
3772.69177 15.485 0.006
3775.66376 15.757 0.007
3778.66221 15.724 0.006
3781.72326 15.720 0.006
3786.54630 15.392 0.006
3791.54191 15.715 0.006
3798.54226 15.747 0.006
3805.52745 15.342 0.006
3819.50630 15.431 0.006
3961.90113 15.760 0.007
3968.88366 15.628 0.006
3974.86923 15.729 0.007
3981.77673 15.759 0.006
3987.90075 15.719 0.006
3995.80837 15.361 0.006
4002.80776 15.454 0.006
4004.82898 15.675 0.006
4007.76162 15.761 0.006
4011.74231 15.275 0.006
4018.78170 15.373 0.006
4023.77611 15.692 0.006
4026.69209 15.630 0.006
4028.82809 15.419 0.006
4031.71584 15.337 0.006
4037.81619 15.338 0.006
4040.79151 15.688 0.006
4042.80699 15.586 0.006
4046.68176 15.700 0.006
4048.77112 15.463 0.006
4051.76077 15.420 0.006
4053.81208 15.741 0.006
4056.63193 15.722 0.007
4059.64296 15.660 0.006
4064.66563 15.389 0.006
4067.66610 15.330 0.006
4069.65420 15.702 0.006
4072.69136 15.663 0.006
4076.76180 15.706 0.006
4079.63672 15.736 0.006
4082.65739 15.688 0.006
4084.73782 15.474 0.006
4087.65759 15.407 0.006
4093.80593 15.324 0.006
4102.61220 15.751 0.006
4104.78089 15.553 0.006
4109.63775 15.529 0.006
4113.66101 15.382 0.006
4118.56793 15.677 0.006
4120.65404 15.463 0.006
4124.68478 15.585 0.006
4127.63868 15.551 0.006
4132.61670 15.434 0.006
4142.55164 15.290 0.006
4150.52873 15.537 0.007
4153.60331 15.494 0.006
4165.53371 15.259 0.006
4180.52360 15.638 0.007
4341.83816 15.647 0.007
4345.89729 15.353 0.006
4350.87173 15.692 0.007
4355.87932 15.393 0.006
4361.84008 15.270 0.006
4364.84691 15.505 0.007
4367.75940 15.755 0.008
4370.79627 15.723 0.007
4376.83138 15.628 0.007
4379.83772 15.584 0.006
4383.84198 15.721 0.007
4388.78185 15.426 0.006
4392.83611 15.578 0.006
4398.78493 15.461 0.006
4403.72473 15.756 0.007
4410.85189 15.279 0.006
4417.73981 15.321 0.006
4421.71582 15.469 0.006
4421.77174 15.472 0.006
4425.73580 15.610 0.007
4429.69999 15.725 0.008
4431.83982 15.530 0.007
4435.85864 15.657 0.008
4439.71236 15.754 0.007
4442.68961 15.710 0.007
4448.74305 15.633 0.007
4450.74992 15.395 0.007
4453.72558 15.322 0.006
4456.73894 15.256 0.006
4458.68658 15.641 0.006
4461.63663 15.601 0.006
4465.65746 15.728 0.006
4468.68825 15.694 0.006
4473.62453 15.387 0.006
4477.71206 15.555 0.006
4479.73366 15.279 0.006
4483.69357 15.431 0.006
4486.69202 15.378 0.006
4490.69026 15.520 0.006
4493.76107 15.488 0.006
4498.62566 15.755 0.007
4501.61871 15.722 0.007
4503.61519 15.486 0.006
4508.56251 15.743 0.007
4510.64430 15.572 0.006
4516.52500 15.470 0.007
4520.61500 15.597 0.007
4523.59854 15.573 0.006
4530.54197 15.631 0.007
4532.51398 15.398 0.007
4535.59307 15.350 0.006
4538.61370 15.275 0.006
4540.58296 15.660 0.007
