 455.64430 13.672 0.006
 455.72568 13.652 0.006
 455.77327 13.649 0.006
 456.59334 13.494 0.006
 456.64308 13.491 0.006
 456.71381 13.484 0.006
 456.76126 13.478 0.006
 456.81272 13.481 0.006
 457.56106 13.467 0.006
 457.60499 13.470 0.006
 457.66367 13.470 0.006
 457.72223 13.473 0.006
 457.78088 13.466 0.006
 458.63739 13.487 0.006
 458.69609 13.499 0.006
 459.55466 13.537 0.006
 459.60083 13.534 0.006
 459.65939 13.535 0.006
 459.71883 13.542 0.006
 459.76267 13.545 0.006
 459.80648 13.541 0.006
 461.56555 13.676 0.006
 461.60936 13.684 0.006
 461.66797 13.685 0.006
 461.73415 13.692 0.006
 461.79614 13.696 0.006
 462.56606 13.769 0.006
 462.62470 13.772 0.006
 462.67070 13.773 0.006
 465.66952 13.761 0.006
 465.71720 13.753 0.006
 465.80205 13.758 0.006
 466.65329 13.727 0.006
 466.71981 13.727 0.006
 466.80478 13.731 0.006
 467.65693 13.696 0.006
 467.76154 13.690 0.006
 467.82748 13.685 0.006
 468.66362 13.524 0.006
 468.73381 13.506 0.006
 468.79240 13.500 0.006
 468.82897 13.494 0.006
 469.66449 13.471 0.006
 469.74261 13.471 0.006
 469.80153 13.470 0.006
 470.73928 13.485 0.006
 471.65034 13.526 0.006
 471.78710 13.533 0.006
 472.62490 13.584 0.006
 472.66878 13.586 0.006
 472.71259 13.594 0.006
 472.77850 13.591 0.006
 473.69257 13.663 0.006
 474.70447 13.756 0.006
 474.77092 13.761 0.006
 475.53888 13.827 0.006
 475.59767 13.831 0.006
 475.66381 13.836 0.006
 475.71593 13.843 0.006
 475.76303 13.848 0.006
 476.74864 13.860 0.006
 477.53563 13.794 0.006
 477.58690 13.786 0.006
 477.73437 13.774 0.006
 477.81525 13.771 0.006
 477.85947 13.759 0.006
 478.54175 13.737 0.006
 478.76217 13.733 0.006
 478.82113 13.736 0.006
 479.54060 13.718 0.006
 479.58450 13.719 0.006
 479.76197 13.707 0.006
 479.82213 13.718 0.006
 480.57665 13.594 0.006
 480.65782 13.572 0.006
 480.75137 13.554 0.006
 480.79551 13.546 0.006
 481.56185 13.482 0.006
 481.71024 13.481 0.006
 481.75420 13.480 0.006
 481.79816 13.482 0.006
 482.71106 13.476 0.006
 482.78899 13.481 0.006
 483.57735 13.519 0.006
 483.62177 13.511 0.006
 483.66567 13.518 0.006
 483.70965 13.511 0.006
 483.75355 13.519 0.006
 483.79747 13.522 0.006
 484.57601 13.563 0.006
 484.68469 13.575 0.006
 484.72907 13.570 0.006
 484.77305 13.578 0.006
 485.57966 13.635 0.006
 485.72657 13.645 0.006
 485.77072 13.651 0.006
 486.57616 13.720 0.006
 486.62170 13.725 0.006
 486.71823 13.733 0.006
 486.76343 13.745 0.006
 487.60314 13.811 0.006
 487.65134 13.819 0.006
 487.69917 13.815 0.006
 487.74331 13.823 0.006
 487.78748 13.826 0.006
 488.58861 13.864 0.006
 488.63261 13.861 0.006
 488.70145 13.860 0.006
 488.74546 13.865 0.006
 488.78953 13.859 0.006
 489.56438 13.824 0.006
 489.65336 13.817 0.006
 489.69727 13.811 0.006
 489.74119 13.804 0.006
 489.78521 13.796 0.006
 490.55760 13.741 0.006
 490.69480 13.746 0.006
 490.73891 13.740 0.006
 490.78291 13.737 0.006
 491.58212 13.727 0.006
 491.63393 13.721 0.006
 491.67805 13.717 0.006
 491.79147 13.722 0.006
 492.56631 13.649 0.006
 492.64064 13.636 0.006
 492.68649 13.625 0.006
 493.56933 13.477 0.006
 493.61383 13.477 0.006
 494.56405 13.473 0.006
 494.60796 13.474 0.006
 494.65223 13.471 0.006
 494.69651 13.471 0.006
 494.74152 13.472 0.006
 495.56683 13.503 0.006
 495.64049 13.502 0.006
 495.69398 13.515 0.006
 496.56224 13.543 0.006
 496.60699 13.553 0.006
 496.65107 13.552 0.006
 496.69597 13.564 0.006
 497.73543 13.627 0.006
 498.56132 13.697 0.006
 498.60537 13.700 0.006
 498.71911 13.713 0.006
 498.76304 13.721 0.006
 499.55628 13.786 0.006
 499.60196 13.785 0.006
 499.74226 13.799 0.006
 500.56922 13.852 0.006
 500.59899 13.853 0.006
 500.64386 13.851 0.006
 500.69503 13.855 0.006
 500.73946 13.857 0.006
 501.56317 13.835 0.006
 501.68192 13.829 0.006
 507.55157 13.480 0.006
 507.59680 13.482 0.006
 507.66860 13.484 0.006
 509.54747 13.585 0.006
 509.59454 13.595 0.006
 509.64686 13.596 0.006
 510.58910 13.673 0.006
 510.63467 13.679 0.006
 510.68226 13.682 0.006
 511.67455 13.773 0.006
 512.58119 13.837 0.006
 512.62957 13.844 0.006
 512.70385 13.850 0.006
 512.74938 13.846 0.006
 513.56150 13.858 0.006
 513.60708 13.856 0.006
 513.69875 13.851 0.006
 513.74600 13.847 0.006
 514.56975 13.762 0.006
 514.63881 13.762 0.006
 514.68915 13.758 0.006
 514.73601 13.752 0.006
 515.56390 13.727 0.006
 515.61865 13.729 0.006
 515.66686 13.723 0.006
 516.57019 13.712 0.006
 516.62437 13.703 0.006
 516.67136 13.705 0.006
 516.71790 13.700 0.006
 517.56819 13.543 0.006
 517.61804 13.539 0.006
 517.66802 13.533 0.006
 517.71420 13.514 0.006
 518.60553 13.478 0.006
 518.65079 13.478 0.006
 518.69986 13.475 0.006
 519.56617 13.475 0.006
 519.61279 13.480 0.006
 519.68032 13.482 0.006
 520.70696 13.521 0.006
 521.56245 13.575 0.006
 521.60760 13.587 0.006
 521.67036 13.582 0.006
 523.57155 13.739 0.006
 523.62395 13.746 0.006
 523.67383 13.753 0.006
 524.56383 13.822 0.006
 524.61394 13.827 0.006
 526.55111 13.801 0.006
 526.65311 13.787 0.006
 527.67629 13.733 0.006
 530.56642 13.484 0.006
 531.56380 13.469 0.006
 532.55327 13.503 0.006
 533.57055 13.564 0.006
 534.55972 13.635 0.006
 534.60389 13.643 0.006
 534.65564 13.644 0.006
 535.54435 13.722 0.006
 535.60465 13.730 0.006
 535.67836 13.739 0.006
 536.52341 13.797 0.006
 536.56867 13.803 0.006
 536.61916 13.806 0.006
 537.51807 13.851 0.006
 537.61827 13.856 0.006
 537.66512 13.853 0.006
 538.50607 13.824 0.006
 538.55783 13.822 0.006
 539.51470 13.734 0.006
 539.62582 13.733 0.006
 539.66990 13.736 0.006
 540.54492 13.724 0.006
 540.67595 13.712 0.006
 541.52509 13.660 0.006
 541.58214 13.650 0.006
 542.51417 13.478 0.006
 542.56608 13.477 0.006
 542.61354 13.478 0.006
 542.65768 13.482 0.006
 543.55237 13.469 0.006
 543.59646 13.467 0.006
 543.63354 13.468 0.006
 543.67755 13.468 0.006
 544.50519 13.495 0.006
 544.54950 13.493 0.006
 544.59376 13.497 0.006
 544.63897 13.496 0.006
 551.49492 13.749 0.006
 552.50321 13.731 0.006
 553.51166 13.692 0.006
 553.62240 13.685 0.006
 554.48841 13.525 0.006
 554.57388 13.513 0.006
 555.49473 13.484 0.006
 557.59529 13.529 0.006
 558.54212 13.583 0.006
 559.52588 13.658 0.006
 560.50398 13.750 0.006
 561.50400 13.822 0.006
 562.50551 13.851 0.006
 564.50670 13.744 0.006
 565.51249 13.709 0.006
 566.50651 13.569 0.006
 567.50758 13.473 0.006
 568.49284 13.481 0.006
 569.50267 13.514 0.006
 571.48847 13.644 0.006
 572.51732 13.729 0.006
 573.52117 13.814 0.006
 574.47958 13.856 0.006
 575.47822 13.808 0.006
 576.49326 13.725 0.006
 577.48718 13.719 0.006
 578.50020 13.631 0.006
 582.48289 13.553 0.006
 583.48564 13.614 0.006
 672.87100 13.854 0.006
 689.90148 13.480 0.006
 699.90488 13.723 0.006
 701.82180 13.493 0.006
 704.86428 13.538 0.006
 706.84575 13.682 0.006
 714.81316 13.478 0.006
 716.77774 13.515 0.006
 720.83411 13.827 0.006
 728.77297 13.505 0.006
 729.77296 13.562 0.006
 730.72853 13.628 0.006
 733.81949 13.858 0.006
 741.82277 13.549 0.006
 745.77758 13.854 0.006
 747.82601 13.753 0.006
 753.77395 13.540 0.006
 759.81441 13.768 0.006
 766.78858 13.577 0.006
 772.80768 13.731 0.006
 775.78939 13.482 0.006
 779.80803 13.633 0.006
 781.82492 13.799 0.006
 787.78447 13.495 0.006
 789.76845 13.496 0.006
 790.77897 13.545 0.006
 795.73657 13.840 0.006
 796.80842 13.757 0.006
 797.73624 13.730 0.006
 798.70821 13.704 0.006
 805.79312 13.753 0.006
 816.76415 13.642 0.006
 817.68337 13.724 0.006
 819.78305 13.859 0.006
 822.79723 13.719 0.006
 824.82653 13.481 0.006
 826.65002 13.495 0.006
 829.72063 13.711 0.006
 832.67682 13.839 0.006
 836.77563 13.494 0.006
 840.65502 13.597 0.006
 843.65550 13.841 0.006
 850.62907 13.478 0.006
 854.65983 13.745 0.006
 855.63381 13.821 0.006
 856.60010 13.861 0.006
 858.57270 13.733 0.006
 864.67586 13.560 0.006
 866.63479 13.725 0.006
 875.54802 13.497 0.006
 879.63454 13.781 0.006
 880.53363 13.835 0.006
 887.54691 13.484 0.006
 892.63045 13.831 0.006
 895.52135 13.739 0.006
 898.52815 13.471 0.006
 918.51523 13.851 0.006
 922.59555 13.494 0.006
 928.52145 13.773 0.006
 931.54341 13.774 0.006
 933.55318 13.711 0.006
 947.49283 13.494 0.006
 951.54279 13.630 0.006
1045.87486 13.481 0.006
1051.86142 13.820 0.006
1052.89663 13.861 0.006
1053.87678 13.800 0.006
1054.89251 13.742 0.006
1055.86501 13.729 0.006
1059.87777 13.517 0.006
1061.88750 13.636 0.006
1068.87188 13.664 0.006
1069.88257 13.487 0.006
1071.89961 13.506 0.006
1081.86002 13.513 0.006
1087.80709 13.754 0.006
1091.80957 13.741 0.006
1095.79130 13.483 0.006
1102.79201 13.810 0.006
1106.84706 13.482 0.006
1107.77482 13.473 0.006
1113.78761 13.855 0.006
1119.79235 13.474 0.006
1126.81424 13.852 0.006
1131.68618 13.494 0.006
1132.73817 13.486 0.006
1136.77143 13.756 0.006
1138.79561 13.860 0.006
1142.66262 13.620 0.006
1144.73156 13.476 0.006
1151.75740 13.827 0.006
1155.75666 13.486 0.006
1158.75423 13.543 0.006
1161.73216 13.778 0.006
1165.75285 13.734 0.006
1169.74778 13.497 0.006
1174.72159 13.831 0.006
1179.73841 13.569 0.006
1181.81047 13.478 0.006
1186.76491 13.825 0.006
1187.82617 13.862 0.006
1188.75417 13.799 0.006
1196.70488 13.630 0.006
1201.71379 13.745 0.006
1203.73218 13.665 0.006
1207.59056 13.537 0.006
1211.62829 13.839 0.006
1214.62916 13.733 0.006
1217.60405 13.477 0.006
1220.60888 13.585 0.006
1223.63509 13.827 0.006
1225.57605 13.793 0.006
1227.65658 13.717 0.006
1231.55245 13.508 0.006
1234.60069 13.716 0.006
1236.60817 13.861 0.006
1240.55864 13.664 0.006
1242.66237 13.468 0.006
1244.60981 13.548 0.006
1247.54252 13.788 0.006
1252.65842 13.688 0.006
1256.52730 13.528 0.006
1260.55138 13.840 0.006
1265.52772 13.566 0.006
1273.57361 13.855 0.006
1277.50989 13.623 0.006
1288.50818 13.718 0.006
1290.57555 13.485 0.006
1296.51293 13.769 0.006
1298.55085 13.849 0.006
1301.49255 13.702 0.006
1305.53836 13.527 0.006
1308.46788 13.741 0.006
1313.51435 13.712 0.006
1316.50625 13.474 0.006
1319.48245 13.629 0.006
1329.52210 13.500 0.006
1332.49732 13.701 0.006
1339.48085 13.495 0.006
1412.84078 13.543 0.006
1418.83800 13.750 0.006
1430.89249 13.722 0.006
1432.82633 13.854 0.006
1435.80235 13.725 0.006
1437.78626 13.486 0.006
1440.83394 13.553 0.006
1446.84599 13.757 0.006
1447.87154 13.732 0.006
1451.76665 13.495 0.006
1458.85761 13.771 0.006
1459.77326 13.745 0.006
1462.77751 13.505 0.006
1470.83792 13.797 0.006
1475.75051 13.469 0.006
1478.70591 13.629 0.006
1478.84076 13.632 0.006
1481.67958 13.849 0.006
1487.70896 13.477 0.006
1490.70578 13.603 0.006
1492.69889 13.768 0.006
1495.69741 13.760 0.006
1497.82359 13.704 0.006
1499.65522 13.480 0.006
1502.65040 13.580 0.006
1505.69101 13.822 0.006
1507.82451 13.776 0.006
1510.80051 13.566 0.006
1512.69722 13.483 0.006
1514.80833 13.572 0.006
1517.64379 13.810 0.006
1519.71746 13.813 0.006
1521.65319 13.724 0.006
1523.77394 13.479 0.006
1525.76829 13.502 0.006
1527.69723 13.619 0.006
1528.74360 13.704 0.006
1529.76473 13.796 0.006
1531.75782 13.835 0.006
1538.71440 13.538 0.006
1541.67050 13.764 0.006
1542.70038 13.847 0.006
1544.62634 13.777 0.006
1547.75328 13.529 0.006
1548.73088 13.477 0.006
1549.72513 13.482 0.006
1552.58989 13.649 0.006
1554.71636 13.829 0.006
1555.72310 13.862 0.006
1562.72603 13.522 0.006
1564.60462 13.628 0.006
1567.69724 13.855 0.006
1570.60256 13.727 0.006
1574.77503 13.498 0.006
1577.72674 13.691 0.006
1580.76080 13.838 0.006
1583.64614 13.696 0.006
1585.73276 13.466 0.006
1588.74045 13.595 0.006
1591.71334 13.838 0.006
1593.57468 13.779 0.006
1595.72848 13.712 0.006
1596.70844 13.555 0.006
1599.63027 13.513 0.006
1601.70635 13.649 0.006
1604.58784 13.862 0.006
1606.62279 13.738 0.006
1609.66412 13.479 0.006
1610.64921 13.471 0.006
1613.54025 13.621 0.006
1615.57221 13.787 0.006
1617.64354 13.832 0.006
1619.62723 13.724 0.006
1620.57839 13.684 0.006
1622.52855 13.469 0.006
1624.52510 13.533 0.006
1626.52595 13.671 0.006
1627.64707 13.769 0.006
1629.52605 13.850 0.006
1630.60750 13.758 0.006
1632.54404 13.704 0.006
1634.52174 13.480 0.006
1650.52911 13.633 0.006
1654.55109 13.815 0.006
1656.53730 13.728 0.006
1659.54473 13.477 0.006
1661.56872 13.546 0.006
1664.53039 13.779 0.006
1667.53558 13.749 0.006
1670.55735 13.510 0.006
1672.54632 13.488 0.006
1681.49772 13.714 0.006
1769.88918 13.482 0.006
1771.91600 13.553 0.006
1772.89585 13.605 0.006
1775.89694 13.857 0.006
1784.88152 13.600 0.006
1789.87023 13.771 0.006
1804.81985 13.634 0.006
1808.90040 13.570 0.006
1812.81494 13.856 0.006
1816.82628 13.682 0.006
1821.81685 13.601 0.006
1823.85899 13.772 0.006
1826.84208 13.759 0.006
1829.81579 13.524 0.006
1830.82912 13.479 0.006
1834.86807 13.671 0.006
1859.80520 13.697 0.006
1861.82241 13.856 0.006
1864.79985 13.732 0.006
1865.78000 13.688 0.006
1868.81941 13.493 0.006
1870.75271 13.595 0.006
1871.83667 13.680 0.006
1873.79624 13.839 0.006
2167.86807 13.818 0.006
2186.84186 13.472 0.006
2190.82726 13.687 0.006
2192.87023 13.850 0.006
2193.79178 13.842 0.006
2202.79126 13.667 0.006
2214.83893 13.656 0.006
2224.79337 13.496 0.006
2227.70424 13.701 0.006
2229.70971 13.850 0.006
2231.67808 13.748 0.006
2233.64640 13.691 0.006
2236.65875 13.484 0.006
2239.62679 13.666 0.006
2241.71371 13.835 0.006
2243.76742 13.761 0.006
2247.84931 13.473 0.006
2248.85196 13.480 0.006
2250.78200 13.574 0.006
2252.69899 13.736 0.006
2254.69027 13.860 0.006
2257.69848 13.722 0.006
2260.70395 13.462 0.006
2263.73081 13.649 0.006
2264.70952 13.719 0.006
2266.69531 13.864 0.006
2270.76248 13.647 0.006
2271.84323 13.497 0.006
2272.74868 13.475 0.006
2274.74022 13.550 0.006
2276.80160 13.703 0.006
2278.66585 13.847 0.006
2280.74419 13.756 0.006
2282.74010 13.686 0.006
2289.80358 13.770 0.006
2292.82001 13.764 0.006
2294.78812 13.700 0.006
2296.80881 13.467 0.006
2298.80244 13.510 0.006
2300.78007 13.648 0.006
2302.75319 13.814 0.006
2304.79163 13.784 0.006
2315.67893 13.853 0.006
2324.53678 13.591 0.006
2328.52368 13.845 0.006
2334.51697 13.472 0.006
2364.50646 13.854 0.006
2385.52393 13.567 0.006
2529.86808 13.476 0.006
2539.86806 13.718 0.006
2545.83527 13.641 0.006
2552.89377 13.621 0.006
2556.88243 13.547 0.006
2560.79169 13.847 0.006
2561.79321 13.842 0.006
2565.79967 13.489 0.006
2574.74973 13.777 0.006
2578.81808 13.483 0.006
2586.74015 13.790 0.006
2590.78842 13.487 0.006
2596.79513 13.799 0.006
2605.83493 13.548 0.006
2609.79999 13.845 0.006
2614.77734 13.514 0.006
2618.80793 13.598 0.006
2621.73308 13.829 0.006
2624.65264 13.727 0.006
2627.76172 13.476 0.006
2629.78266 13.513 0.006
2632.68247 13.722 0.006
2635.78309 13.807 0.006
2638.70089 13.639 0.006
2640.79758 13.473 0.006
2642.75583 13.558 0.006
2644.75481 13.709 0.006
2646.71449 13.856 0.006
2650.76579 13.669 0.006
2652.86017 13.460 0.006
2654.78918 13.539 0.006
2656.69466 13.681 0.006
2658.65709 13.842 0.006
2660.67627 13.773 0.006
2662.69085 13.713 0.006
2664.66583 13.485 0.006
2666.73138 13.532 0.006
2668.72228 13.657 0.006
2672.81599 13.779 0.006
2674.72185 13.727 0.006
2676.71102 13.486 0.006
2678.78338 13.517 0.006
2680.67012 13.634 0.006
2682.71544 13.808 0.006
2687.60386 13.670 0.006
2692.60254 13.609 0.006
2696.59376 13.847 0.006
2701.58545 13.476 0.006
2708.51512 13.851 0.006
2715.51075 13.507 0.006
2870.92906 13.713 0.006
2890.86355 13.778 0.006
2895.89942 13.692 0.006
2900.86365 13.588 0.006
2911.84905 13.511 0.006
2917.76302 13.794 0.006
2922.88518 13.469 0.006
2926.81812 13.707 0.006
2931.74637 13.721 0.006
2934.78715 13.466 0.006
2940.76767 13.845 0.006
2943.77186 13.731 0.006
2947.78050 13.479 0.006
2949.87036 13.584 0.006
2950.69431 13.647 0.006
2954.71764 13.792 0.006
2956.76299 13.720 0.006
2958.80465 13.480 0.006
2962.80179 13.645 0.006
2965.82480 13.859 0.006
2968.69250 13.712 0.006
2973.76601 13.545 0.006
2976.63244 13.775 0.006
2978.83351 13.829 0.006
2980.74848 13.719 0.006
2982.75655 13.525 0.006
2984.78814 13.491 0.006
2987.66953 13.669 0.006
2989.62763 13.827 0.006
2991.69160 13.775 0.006
2993.71192 13.709 0.006
2995.78677 13.472 0.006
2997.75738 13.516 0.006
2999.65707 13.631 0.006
3000.70597 13.734 0.006
3002.69426 13.851 0.006
3004.69512 13.730 0.006
3006.63861 13.631 0.006
3008.79352 13.476 0.006
3010.71309 13.556 0.006
3011.76805 13.630 0.006
3015.78562 13.826 0.006
3017.77331 13.724 0.006
3019.72702 13.499 0.006
3021.82000 13.498 0.006
3023.68208 13.606 0.006
3025.65351 13.769 0.006
3027.69908 13.838 0.006
3029.68399 13.722 0.006
3031.75406 13.520 0.006
3033.81765 13.485 0.006
3036.61613 13.661 0.006
3039.55801 13.857 0.006
3041.66605 13.738 0.006
3043.67676 13.569 0.006
3045.73963 13.479 0.006
3047.69328 13.583 0.006
3048.62449 13.648 0.006
3050.64151 13.815 0.006
3052.64290 13.814 0.006
3054.64738 13.719 0.006
3056.63554 13.485 0.006
3058.62948 13.509 0.006
3060.67910 13.624 0.006
3066.52541 13.732 0.006
3068.56496 13.506 0.006
3070.63721 13.488 0.006
3073.65705 13.678 0.006
3076.58090 13.853 0.006
3078.66769 13.713 0.006
3082.64469 13.488 0.006
3085.54713 13.652 0.006
3088.51013 13.866 0.006
3090.65184 13.733 0.006
3093.53444 13.490 0.006
3098.64375 13.716 0.006
3102.61446 13.744 0.006
3105.62019 13.478 0.006
3108.59815 13.537 0.006
3111.54653 13.767 0.006
3129.48884 13.578 0.006
3134.50970 13.633 0.006
3216.90355 13.479 0.006
3242.83830 13.511 0.006
3248.89105 13.817 0.006
3264.83869 13.498 0.006
3270.90539 13.782 0.006
3274.79075 13.741 0.006
3278.84570 13.472 0.006
3282.82188 13.745 0.006
3287.79529 13.722 0.006
3295.75289 13.806 0.006
3297.74498 13.830 0.006
3299.80913 13.720 0.006
3301.80648 13.488 0.006
3304.87092 13.547 0.006
3307.74035 13.771 0.006
3309.77250 13.859 0.006
3311.77045 13.727 0.006
3320.81808 13.840 0.006
3327.78599 13.471 0.006
3330.74435 13.650 0.006
3334.84384 13.797 0.006
3339.79167 13.483 0.006
3353.83797 13.554 0.006
3357.62826 13.836 0.006
3360.66709 13.736 0.006
3363.77535 13.474 0.006
3369.85265 13.850 0.006
3375.78900 13.483 0.006
3378.71453 13.569 0.006
3387.70757 13.481 0.006
3394.59764 13.846 0.006
3396.64849 13.750 0.006
3399.75111 13.501 0.006
3403.73847 13.601 0.006
3408.62292 13.775 0.006
3413.57790 13.483 0.006
3417.59499 13.731 0.006
3425.60314 13.478 0.006
3431.59113 13.847 0.006
3437.56667 13.474 0.006
3446.53576 13.730 0.006
3456.49730 13.864 0.006
3474.48389 13.473 0.006
3603.92609 13.847 0.006
3619.86910 13.622 0.006
3633.84559 13.472 0.006
3639.81205 13.835 0.006
3644.84810 13.523 0.006
3651.79055 13.829 0.006
3654.83832 13.729 0.006
3658.80191 13.477 0.006
3660.82671 13.566 0.006
3665.82070 13.814 0.006
3670.79042 13.473 0.006
3673.80054 13.627 0.006
3676.80058 13.853 0.006
3684.85458 13.550 0.006
3687.82694 13.774 0.006
3690.74688 13.762 0.006
3693.78439 13.552 0.006
3695.81571 13.488 0.006
3698.80528 13.647 0.006
3700.82391 13.821 0.006
3703.75798 13.736 0.006
3705.82218 13.599 0.006
3708.80998 13.513 0.006
3712.76750 13.804 0.006
3714.83827 13.818 0.006
3717.73067 13.665 0.006
3720.81876 13.504 0.006
3724.73639 13.781 0.006
3727.81098 13.749 0.006
3728.77373 13.718 0.006
3731.77727 13.472 0.006
3732.76036 13.491 0.006
3735.61678 13.659 0.006
3737.78665 13.837 0.006
3740.74857 13.728 0.006
3742.75588 13.559 0.006
3745.79184 13.514 0.006
3747.79444 13.657 0.006
3748.76165 13.738 0.006
3750.77183 13.863 0.006
3752.78189 13.734 0.006
3754.79968 13.614 0.006
3757.58065 13.495 0.006
3759.78574 13.636 0.006
3763.65767 13.835 0.006
3766.61407 13.681 0.006
3770.70060 13.541 0.006
3773.73335 13.774 0.006
3776.70506 13.765 0.006
3779.65834 13.528 0.006
3783.57501 13.575 0.006
3788.54773 13.803 0.006
3792.58520 13.483 0.006
3800.56708 13.823 0.006
3810.52513 13.772 0.006
3824.49532 13.853 0.006
3950.91893 13.630 0.006
3964.91767 13.484 0.006
3970.84256 13.845 0.006
3981.91111 13.748 0.006
3990.89983 13.528 0.006
3998.90362 13.719 0.006
4003.71731 13.552 0.006
4005.89303 13.711 0.006
4006.73859 13.773 0.006
4008.75938 13.856 0.006
4013.75992 13.474 0.006
4018.89250 13.767 0.006
4024.75646 13.584 0.006
4026.83410 13.482 0.006
4029.77869 13.646 0.006
4032.80953 13.869 0.006
4038.76126 13.473 0.006
4041.72123 13.626 0.006
4043.72617 13.793 0.006
4046.81955 13.745 0.006
4049.68871 13.508 0.006
4052.75003 13.540 0.006
4054.73699 13.685 0.006
4056.79600 13.847 0.006
4058.84316 13.760 0.006
4063.72598 13.481 0.006
4065.84912 13.595 0.006
4067.69102 13.742 0.006
4070.71325 13.785 0.006
4074.78199 13.492 0.006
4077.83076 13.576 0.006
4080.70734 13.805 0.006
4084.63566 13.723 0.006
4086.79139 13.490 0.006
4093.83277 13.861 0.006
4105.85098 13.844 0.006
4111.77011 13.485 0.006
4117.71051 13.823 0.006
4121.68847 13.722 0.006
4124.77073 13.479 0.006
4132.72664 13.746 0.006
4142.74838 13.860 0.006
4156.58349 13.792 0.006
4168.54399 13.825 0.006
4198.49812 13.475 0.006
4343.83412 13.528 0.006
4347.90118 13.594 0.006
4353.83435 13.737 0.006
4358.78576 13.518 0.006
4363.82827 13.862 0.006
4367.78807 13.652 0.006
4370.82483 13.498 0.006
4373.82426 13.698 0.006
4377.84327 13.749 0.006
4380.88794 13.490 0.006
4386.83380 13.771 0.006
4390.79580 13.737 0.006
4394.81339 13.492 0.006
4399.76996 13.828 0.006
4407.73288 13.506 0.006
4412.75651 13.861 0.006
4418.84202 13.475 0.006
4422.73413 13.692 0.006
4427.70978 13.732 0.006
4430.71310 13.479 0.006
4433.73072 13.590 0.006
4436.81208 13.839 0.006
4440.67297 13.719 0.006
4443.76542 13.478 0.006
4449.72804 13.859 0.006
4451.76762 13.736 0.006
4452.74693 13.720 0.006
4455.73711 13.473 0.006
4457.76732 13.547 0.006
4459.73199 13.706 0.006
4462.70980 13.833 0.006
4464.78014 13.729 0.006
4467.75588 13.472 0.006
4471.81380 13.691 0.006
4472.64319 13.772 0.006
4476.69674 13.728 0.006
4480.80021 13.476 0.006
4483.78849 13.666 0.006
4486.81477 13.856 0.006
4492.67256 13.478 0.006
4497.73425 13.808 0.006
4500.57591 13.746 0.006
4502.71711 13.639 0.006
4507.72000 13.622 0.006
4509.67169 13.792 0.006
4521.66832 13.765 0.006
4523.65334 13.846 0.006
4525.61801 13.729 0.006
4531.59400 13.569 0.006
4533.59637 13.730 0.006
4537.64645 13.739 0.006
4539.56558 13.621 0.006
4541.64776 13.476 0.006
