 457.65208 15.249 0.006
 457.71072 15.272 0.006
 457.82799 15.294 0.006
 458.68454 15.435 0.006
 459.64785 14.985 0.006
 459.85351 15.024 0.006
 461.65645 15.424 0.006
 461.78464 15.450 0.006
 462.61321 15.008 0.006
 465.85648 14.987 0.006
 466.85195 15.231 0.006
 468.78086 15.022 0.006
 469.78978 15.200 0.006
 470.80767 15.412 0.006
 472.82559 15.190 0.006
 475.58612 15.108 0.006
 477.80369 15.287 0.006
 478.80937 15.131 0.006
 479.80963 15.361 0.006
 480.64610 15.441 0.006
 481.54393 15.037 0.006
 482.83660 15.347 0.006
 483.54207 15.458 0.006
 484.54025 15.018 0.006
 485.54483 15.282 0.006
 486.53699 15.442 0.006
 487.56436 15.008 0.006
 488.57675 15.263 0.006
 489.53679 15.435 0.006
 490.54547 14.991 0.006
 492.53220 15.429 0.006
 493.53532 14.997 0.006
 494.53029 15.209 0.006
 494.78977 15.274 0.006
 495.53236 15.416 0.006
 496.52756 15.052 0.006
 496.74392 15.003 0.006
 498.52688 15.406 0.006
 499.78929 15.000 0.006
 500.78677 15.237 0.006
 501.55133 15.394 0.006
 507.53749 15.350 0.006
 508.58013 15.401 0.006
 509.53468 15.097 0.006
 510.56538 15.344 0.006
 510.73060 15.368 0.006
 511.63001 15.401 0.006
 512.56434 15.078 0.006
 513.54846 15.326 0.006
 513.66026 15.343 0.006
 514.52810 15.455 0.006
 514.62356 15.439 0.006
 515.52473 15.053 0.006
 516.52826 15.302 0.006
 517.52778 15.448 0.006
 518.56465 15.034 0.006
 519.51768 15.278 0.006
 519.66723 15.307 0.006
 519.74504 15.318 0.006
 520.68391 15.450 0.006
 521.51984 15.012 0.006
 521.65739 15.040 0.006
 521.72115 15.069 0.006
 523.52517 15.448 0.006
 524.51057 14.984 0.006
 524.55065 14.991 0.006
 526.51396 15.420 0.006
 526.60972 15.435 0.006
 527.50873 14.995 0.006
 528.56857 15.220 0.006
 530.54850 15.012 0.006
 530.64607 14.985 0.006
 531.52152 15.191 0.006
 531.62053 15.238 0.006
 532.51014 15.392 0.006
 533.50917 15.141 0.006
 533.63510 15.019 0.006
 534.51840 15.178 0.006
 535.52284 15.382 0.006
 536.67186 15.049 0.006
 540.51003 15.139 0.006
 552.62178 15.052 0.006
 554.53620 15.444 0.007
 558.52924 14.990 0.006
 560.55159 15.414 0.007
 561.49208 14.997 0.006
 562.48416 15.196 0.007
 564.49305 15.039 0.006
 573.48427 15.347 0.007
 673.83887 15.238 0.006
 689.86514 15.359 0.006
 699.81120 15.458 0.007
 701.80845 15.290 0.007
 704.85026 15.279 0.006
 706.79659 15.004 0.006
 707.84991 15.262 0.007
 715.81581 15.031 0.006
 720.79592 15.381 0.006
 722.82637 15.145 0.006
 726.78440 15.345 0.006
 728.82412 15.103 0.006
 729.87896 15.352 0.006
 733.77983 15.463 0.007
 741.87460 15.274 0.006
 744.88009 15.251 0.007
 745.72178 15.414 0.006
 747.78878 15.210 0.006
 748.74289 15.413 0.007
 751.72611 15.395 0.007
 755.68636 15.351 0.007
 759.79949 15.124 0.006
 760.77594 15.352 0.006
 761.86087 15.355 0.006
 765.80250 15.083 0.006
 769.79328 15.302 0.006
 774.79983 15.020 0.006
 778.78318 15.237 0.007
 780.85398 14.991 0.006
 781.78801 15.223 0.006
 788.79907 15.391 0.006
 789.75552 15.247 0.006
 792.79556 15.287 0.006
 795.85724 15.329 0.006
 796.85792 15.125 0.006
 797.85542 15.355 0.006
 798.85249 15.398 0.007
 805.77782 15.038 0.006
 816.72016 15.420 0.006
 817.82641 14.997 0.006
 818.86234 15.221 0.006
 819.85635 15.430 0.007
 822.78453 15.404 0.006
 825.74383 15.372 0.007
 827.65429 15.106 0.006
 828.83886 15.372 0.006
 829.67336 15.438 0.007
 830.80476 15.127 0.006
 831.64998 15.329 0.006
 832.72616 15.448 0.006
 833.65897 15.059 0.006
 834.77330 15.338 0.007
 837.81830 15.316 0.006
 839.60512 14.995 0.006
 841.82709 15.453 0.007
 842.79227 15.025 0.006
 844.66032 15.439 0.007
 850.68134 15.413 0.006
 854.74210 15.084 0.006
 856.73341 15.393 0.007
 858.61470 15.121 0.006
 860.76133 15.265 0.007
 864.70076 15.112 0.007
 875.59643 15.435 0.006
 880.51345 15.193 0.006
 887.59370 15.380 0.007
 892.67766 15.158 0.006
 895.50001 15.073 0.006
 897.49874 15.454 0.006
 918.49359 15.404 0.007
 922.48209 15.331 0.006
 928.50061 15.427 0.007
 931.52308 15.458 0.007
 934.49526 15.453 0.007
 950.49766 15.063 0.006
 952.48933 15.400 0.006
1053.91893 15.301 0.006
1065.91509 15.224 0.007
1068.80648 15.164 0.006
1069.80069 15.384 0.006
1071.79953 15.143 0.006
1077.82604 15.108 0.006
1083.77523 15.050 0.006
1088.84407 15.452 0.007
1092.87662 15.008 0.006
1102.76842 15.159 0.006
1106.82544 15.373 0.006
1112.80696 15.340 0.006
1116.78320 15.441 0.006
1126.68297 14.987 0.006
1129.73012 14.987 0.006
1132.78031 15.011 0.006
1136.81363 15.175 0.006
1142.70587 15.114 0.006
1151.80045 15.068 0.006
1154.80830 15.054 0.006
1157.80159 15.027 0.006
1160.83506 15.006 0.006
1163.77649 14.999 0.006
1166.81045 14.992 0.006
1169.79099 15.031 0.006
1171.83942 15.411 0.006
1174.76577 15.381 0.006
1175.84707 15.176 0.006
1179.84104 15.135 0.006
1183.73585 15.321 0.006
1185.85059 15.095 0.006
1187.80613 15.463 0.006
1189.82912 15.320 0.006
1191.83457 15.048 0.006
1194.74189 15.019 0.006
1196.62239 15.429 0.007
1201.75709 15.211 0.007
1204.74271 15.185 0.006
1207.63553 15.135 0.006
1211.71587 15.358 0.007
1214.60902 15.317 0.007
1217.66241 15.323 0.006
1219.71823 15.063 0.006
1223.58651 15.263 0.006
1226.67922 15.255 0.007
1228.65301 14.994 0.006
1231.59447 15.017 0.006
1234.67197 15.015 0.006
1236.66284 15.387 0.007
1239.69268 15.392 0.007
1241.70926 15.160 0.006
1243.51623 15.434 0.007
1245.60095 15.340 0.006
1247.70039 15.116 0.006
1248.66809 15.340 0.006
1254.51957 15.268 0.007
1259.51195 14.995 0.006
1264.50615 15.408 0.007
1267.52533 15.412 0.007
1273.53150 15.385 0.007
1275.51051 15.123 0.006
1278.54303 15.119 0.006
1288.48783 15.273 0.007
1290.61753 15.044 0.006
1298.52908 15.432 0.007
1301.53436 15.415 0.007
1306.47565 15.143 0.006
1312.46857 15.097 0.006
1316.48394 15.320 0.006
1319.52452 15.304 0.006
1320.46453 15.454 0.007
1330.46158 15.005 0.006
1331.46435 15.206 0.006
1331.51177 15.226 0.007
1332.45978 15.410 0.007
1333.46537 15.050 0.007
1335.46174 15.404 0.007
1336.46114 15.159 0.007
1336.47726 15.131 0.007
1336.48530 15.123 0.007
1338.48301 15.387 0.009
1338.49095 15.384 0.008
1339.45837 15.272 0.008
1339.46830 15.267 0.007
1340.45649 15.144 0.007
1340.48111 15.145 0.006
1342.46110 15.347 0.007
1343.47704 15.128 0.006
1346.47975 15.139 0.009
1348.46354 15.449 0.008
1349.46504 15.086 0.007
1350.46601 15.335 0.007
1354.94402 15.210 0.007
1360.94552 15.396 0.007
1365.94529 15.336 0.007
1375.93573 15.450 0.007
1395.91100 15.106 0.006
1400.89685 15.448 0.007
1412.90724 15.434 0.007
1415.91656 15.428 0.008
1430.87133 15.342 0.006
1432.86854 15.084 0.006
1433.90587 15.339 0.007
1435.77253 15.040 0.006
1437.76622 15.449 0.007
1440.81271 15.442 0.007
1443.85575 15.447 0.007
1446.88792 15.449 0.007
1448.77899 15.196 0.007
1454.79855 15.189 0.008
1458.81460 15.374 0.007
1459.84206 15.332 0.006
1462.75340 15.436 0.007
1470.79373 15.294 0.006
1475.79339 15.004 0.006
1477.67794 15.428 0.007
1479.71881 15.213 0.006
1484.73451 15.098 0.006
1487.76019 15.185 0.006
1491.68832 15.124 0.006
1493.84023 15.302 0.006
1494.73380 15.114 0.006
1497.78969 15.104 0.006
1499.69747 15.465 0.007
1502.69277 15.457 0.007
1503.84267 15.072 0.006
1505.73316 15.458 0.007
1507.80436 15.287 0.007
1510.78042 15.255 0.006
1512.73943 14.993 0.006
1514.85067 15.437 0.007
1515.70479 15.027 0.006
1517.73647 15.411 0.006
1518.84141 15.001 0.006
1521.69554 15.226 0.006
1523.64255 15.369 0.007
1525.74655 15.135 0.006
1527.73927 15.367 0.006
1528.81839 15.130 0.006
1529.68255 15.342 0.007
1531.79992 15.106 0.006
1538.75618 15.304 0.006
1542.68005 15.440 0.007
1544.72269 15.247 0.006
1547.79503 15.248 0.006
1548.77276 15.424 0.007
1549.79149 14.986 0.006
1552.69061 15.097 0.006
1553.76630 15.190 0.006
1554.78151 15.409 0.006
1555.76852 15.099 0.006
1561.56166 15.445 0.007
1562.76788 15.118 0.006
1564.65677 15.452 0.007
1567.61429 15.449 0.007
1570.58143 15.447 0.007
1573.62172 15.446 0.007
1576.60706 15.436 0.006
1579.67001 15.436 0.006
1581.72170 15.233 0.007
1583.72058 14.993 0.006
1585.65569 15.413 0.007
1588.60585 15.387 0.007
1591.68358 15.390 0.008
1593.60254 15.120 0.006
1595.70794 15.351 0.007
1599.68020 15.084 0.006
1600.69374 15.330 0.007
1604.54439 15.456 0.007
1606.51913 15.260 0.007
1609.61974 15.253 0.006
1610.58260 15.441 0.007
1611.65323 14.989 0.006
1613.55920 15.423 0.007
1615.50546 15.189 0.006
1617.50491 15.132 0.006
1619.52745 15.401 0.007
1621.50001 15.147 0.006
1623.49845 15.358 0.007
1625.50042 15.362 0.007
1627.50056 15.102 0.006
1629.54548 15.428 0.007
1630.55432 15.097 0.006
1632.50084 15.460 0.007
1634.54093 15.307 0.006
1635.61243 15.450 0.007
1645.48955 14.979 0.006
1650.54774 15.413 0.008
1653.54517 15.394 0.007
1655.51888 15.150 0.006
1657.51025 15.306 0.007
1660.53544 15.360 0.007
1662.48635 15.331 0.006
1664.50115 15.074 0.006
1667.55491 15.071 0.006
1671.48428 15.275 0.006
1676.48901 14.985 0.006
1690.49298 15.385 0.007
1768.91025 15.048 0.006
1769.84268 15.161 0.006
1771.87295 15.206 0.007
1773.89579 15.373 0.006
1775.91587 15.147 0.006
1784.90298 15.073 0.006
1789.89745 15.452 0.006
1790.85944 15.010 0.006
1803.88892 15.187 0.006
1809.81500 15.131 0.006
1812.83823 15.112 0.006
1814.85311 15.425 0.006
1818.84601 15.070 0.006
1822.83837 15.296 0.006
1828.86353 15.252 0.006
1829.83478 15.450 0.007
1830.84823 14.993 0.006
1834.88717 15.213 0.007
1846.81369 15.112 0.006
1846.86468 15.131 0.006
1850.79431 15.330 0.006
1851.86963 15.446 0.008
1855.83643 15.047 0.006
1859.76240 15.260 0.006
1863.74420 15.432 0.006
1865.79887 15.217 0.006
1867.76778 15.031 0.006
1869.74117 15.392 0.006
1870.77156 15.109 0.006
1871.85570 15.201 0.006
1873.81538 15.155 0.006
2115.93631 15.223 0.007
2116.93721 15.425 0.007
2122.92136 15.382 0.006
2128.92746 15.361 0.007
2130.91232 15.094 0.006
2131.91416 15.330 0.007
2132.90885 15.430 0.007
2134.91389 15.315 0.007
2135.92482 15.439 0.007
2140.91357 15.279 0.006
2142.90189 15.012 0.006
2143.90948 15.264 0.006
2144.91230 15.435 0.006
2156.88489 15.384 0.007
2161.84991 15.105 0.006
2173.86441 15.028 0.006
2190.80163 15.378 0.006
2192.83588 15.143 0.006
2201.82236 15.069 0.006
2214.80394 15.225 0.006
2224.75954 15.395 0.007
2227.66215 15.338 0.006
2229.67561 15.087 0.006
2230.81981 15.348 0.006
2232.83934 15.102 0.006
2234.83415 15.433 0.006
2237.75457 15.458 0.007
2241.67984 15.001 0.006
2243.73371 15.432 0.007
2248.81430 15.230 0.006
2250.80101 14.983 0.006
2252.66525 15.391 0.006
2254.65634 15.155 0.006
2257.66301 15.133 0.006
2260.66970 15.116 0.006
2264.67509 15.327 0.006
2266.66121 15.060 0.006
2270.65907 15.278 0.006
2271.80926 15.444 0.006
2272.81721 15.057 0.006
2274.64733 15.447 0.007
2276.76481 15.279 0.006
2277.81814 15.436 0.006
2279.83576 15.268 0.006
2280.80929 15.439 0.006
2282.69479 15.207 0.006
2283.86006 15.443 0.006
2288.76751 15.181 0.006
2292.77783 15.379 0.007
2296.76981 15.335 0.007
2298.72650 15.346 0.006
2300.73701 15.096 0.006
2302.71364 15.449 0.007
2304.75784 15.314 0.007
2315.64475 14.983 0.006
2323.58860 15.352 0.007
2327.57405 15.388 0.007
2333.58404 15.444 0.007
2339.56040 15.438 0.007
2345.52147 15.420 0.007
2351.49958 15.383 0.007
2369.49709 15.292 0.007
2385.48276 15.405 0.007
2529.82839 15.229 0.006
2539.83086 15.379 0.007
2545.80153 15.351 0.007
2552.85406 15.459 0.007
2556.84544 15.038 0.006
2560.75386 15.234 0.006
2564.86210 15.439 0.007
2573.85995 15.387 0.007
2578.78433 15.118 0.006
2583.83871 15.428 0.007
2590.74381 15.024 0.006
2596.75643 14.992 0.006
2605.78368 15.118 0.006
2609.75581 15.144 0.006
2614.71785 15.415 0.007
2618.77304 15.074 0.006
2621.69576 15.033 0.006
2624.60386 14.993 0.006
2627.69980 14.987 0.006
2629.72274 15.420 0.007
2635.69591 15.409 0.007
2638.66690 15.385 0.007
2640.76380 15.164 0.006
2642.72260 15.269 0.007
2644.72530 15.366 0.007
2646.70083 15.108 0.006
2650.73508 15.339 0.007
2652.78900 15.081 0.006
2654.75142 15.451 0.007
2656.66072 15.287 0.007
2658.62247 15.006 0.006
2660.64079 15.436 0.007
2662.65173 15.231 0.007
2664.63042 14.990 0.006
2666.69516 15.424 0.006
2668.68128 15.189 0.006
2670.64338 15.107 0.006
2672.78217 15.404 0.006
2674.68293 15.159 0.006
2676.67201 15.285 0.006
2678.72530 15.375 0.007
2680.63604 15.111 0.006
2682.68467 15.416 0.007
2687.56098 15.284 0.007
2693.52022 15.244 0.006
2696.55689 15.221 0.006
2701.53850 15.100 0.006
2707.54029 15.320 0.007
2714.53240 15.085 0.006
2839.90897 15.447 0.007
2867.88000 15.444 0.007
2885.85768 15.403 0.007
2892.88620 15.271 0.007
2897.85516 15.348 0.007
2903.90095 15.326 0.006
2907.77537 15.448 0.007
2911.81281 15.000 0.006
2916.86323 15.428 0.007
2922.84691 15.396 0.007
2926.77861 15.337 0.007
2930.84830 15.125 0.006
2934.75027 15.324 0.007
2940.72982 15.272 0.006
2943.73540 15.251 0.007
2947.74402 15.428 0.007
2953.70121 15.386 0.007
2956.72656 15.390 0.007
2958.75289 15.147 0.006
2962.76465 15.356 0.006
2965.78840 15.346 0.006
2968.65427 15.302 0.007
2973.67310 15.016 0.006
2975.85720 15.453 0.007
2976.79163 15.018 0.006
2978.69928 15.439 0.007
2980.71172 15.238 0.006
2982.70444 15.002 0.006
2984.75158 15.414 0.007
2988.80462 15.052 0.006
2989.75988 15.177 0.006
2991.65507 15.316 0.006
2993.64237 15.364 0.007
2995.74333 15.131 0.006
2997.72100 15.413 0.007
2999.68517 15.332 0.006
3001.77999 15.101 0.006
3003.75071 15.459 0.007
3005.71257 15.305 0.007
3007.63393 14.998 0.006
3009.63178 15.440 0.007
3011.73134 15.263 0.007
3013.73553 14.998 0.006
3017.73687 15.233 0.006
3019.66492 15.076 0.006
3021.78349 15.410 0.006
3023.64525 15.159 0.006
3024.84636 15.418 0.006
3027.66252 15.364 0.006
3029.64752 15.121 0.006
3031.71748 15.401 0.006
3033.78111 15.349 0.006
3035.78796 15.105 0.006
3038.76558 15.087 0.006
3041.60606 15.016 0.006
3043.64014 15.450 0.007
3045.70306 15.264 0.006
3047.65678 15.001 0.006
3048.58553 15.215 0.006
3050.60386 15.026 0.006
3052.60101 15.410 0.006
3054.60161 15.182 0.006
3056.59893 15.216 0.006
3058.59295 15.373 0.006
3060.64252 15.142 0.006
3068.52842 15.459 0.007
3070.58935 15.313 0.007
3073.62057 15.307 0.007
3076.52054 15.257 0.007
3078.62954 15.012 0.006
3082.60738 15.229 0.006
3085.50843 15.184 0.006
3087.64667 15.029 0.006
3090.61065 15.169 0.006
3096.52864 15.417 0.007
3099.59791 15.433 0.007
3102.57706 15.456 0.007
3104.56377 15.315 0.006
3110.54551 15.263 0.007
3113.52340 15.230 0.007
3128.49523 15.120 0.006
3140.50295 15.040 0.006
3216.86713 15.473 0.007
3241.91011 15.209 0.006
3248.85229 15.114 0.006
3257.88065 15.038 0.006
3264.80199 15.231 0.006
3270.86874 15.197 0.006
3274.75445 15.374 0.007
3277.87644 15.383 0.006
3281.89645 15.384 0.006
3287.75817 15.465 0.006
3295.71655 15.226 0.006
3301.77009 15.193 0.006
3304.83042 15.170 0.006
3307.70395 15.150 0.006
3309.73618 15.342 0.006
3311.73419 15.362 0.006
3320.77710 15.313 0.006
3327.74911 15.435 0.006
3330.70775 15.424 0.007
3334.80665 14.988 0.006
3338.85512 15.208 0.006
3339.75445 15.398 0.006
3354.77038 15.311 0.006
3358.81657 15.463 0.006
3361.84744 15.463 0.006
3365.74913 14.999 0.006
3372.76554 15.191 0.006
3378.67818 15.123 0.006
3387.66497 15.059 0.006
3391.74596 15.297 0.006
3395.70854 15.446 0.007
3399.71476 14.996 0.006
3403.70206 15.204 0.006
3406.67091 15.182 0.006
3410.62464 15.364 0.006
3415.62184 15.106 0.006
3427.58554 14.999 0.006
3433.60812 15.001 0.006
3438.53736 15.385 0.006
3455.51785 15.033 0.006
3461.51188 14.985 0.006
3575.92977 15.024 0.006
3592.92165 15.389 0.006
3601.92169 15.339 0.006
3619.82363 15.182 0.006
3629.89711 15.361 0.006
3633.86213 15.416 0.006
3639.77461 15.457 0.006
3644.81122 15.256 0.006
3651.75357 15.409 0.006
3654.80191 15.404 0.006
3658.76593 15.285 0.006
3661.83667 15.312 0.006
3668.80936 15.088 0.006
3672.79764 15.296 0.006
3676.75441 15.452 0.006
3690.71071 15.158 0.006
3693.74476 15.146 0.006
3695.77753 15.330 0.006
3698.75926 15.411 0.006
3700.78785 15.327 0.006
3703.71872 15.311 0.006
3705.78588 15.069 0.006
3708.77382 15.037 0.006
3712.73146 15.250 0.006
3714.80167 15.003 0.006
3717.66413 15.027 0.006
3719.83664 15.420 0.007
3721.79756 15.205 0.006
3726.69340 15.307 0.006
3730.72572 15.115 0.006
3732.71776 15.417 0.006
3734.84860 15.353 0.006
3737.74958 15.313 0.006
3739.81957 15.072 0.006
3741.83248 15.448 0.007
3743.72961 15.279 0.006
3746.77208 15.268 0.006
3748.72533 14.992 0.006
3749.73036 15.232 0.006
3751.74223 14.990 0.006
3753.69377 15.414 0.006
3755.69410 15.187 0.006
3757.68462 15.169 0.006
3759.74932 15.392 0.006
3762.77094 15.377 0.006
3765.75804 15.362 0.006
3770.63047 15.063 0.006
3773.69656 15.057 0.006
3776.66687 15.016 0.006
3779.62144 14.991 0.006
3782.73236 14.992 0.006
3787.59826 15.406 0.006
3792.54899 15.137 0.006
3800.53095 15.453 0.007
3809.53824 15.439 0.007
3823.49828 15.157 0.006
3964.87699 14.989 0.006
3969.90105 15.410 0.006
3980.91751 15.132 0.006
3981.87562 15.358 0.006
3989.90419 15.067 0.006
3998.86793 14.991 0.006
3999.83042 15.228 0.006
4001.87946 14.997 0.006
4004.84342 15.059 0.006
4005.85738 15.178 0.006
4008.72368 15.140 0.006
4011.89053 15.156 0.006
4018.85329 15.334 0.006
4023.88564 15.062 0.006
4026.79383 15.010 0.006
4029.74303 14.992 0.006
4031.81642 15.437 0.006
4038.72442 15.169 0.006
4041.68572 15.323 0.006
4043.69057 15.348 0.006
4046.78230 15.355 0.007
4048.87171 15.131 0.007
4049.65326 15.321 0.006
4052.71462 15.308 0.006
4054.70142 15.058 0.006
4056.75944 15.446 0.006
4058.79177 15.289 0.006
4063.69041 14.991 0.006
4065.86357 15.449 0.007
4066.74772 14.996 0.006
4068.65259 15.409 0.006
4070.67770 15.189 0.006
4073.85150 15.199 0.006
4074.74531 15.378 0.006
4077.79378 15.382 0.006
4079.83872 15.152 0.006
4083.68433 15.326 0.006
4085.75003 15.087 0.006
4093.73455 15.443 0.006
4102.84709 15.433 0.007
4105.80714 15.426 0.006
4109.77704 15.137 0.006
4113.73274 15.131 0.006
4120.76305 15.328 0.006
4122.71956 15.056 0.006
4125.77379 15.063 0.006
4132.66151 15.230 0.006
4142.71242 15.379 0.007
4156.54752 15.019 0.006
4168.50215 15.075 0.007
4197.48146 15.220 0.007
4341.91385 15.036 0.006
4347.86379 14.992 0.006
4353.79875 15.074 0.006
4358.89707 15.391 0.007
4364.86151 15.354 0.007
4367.88597 15.335 0.006
4371.75122 15.459 0.007
4377.80607 15.434 0.007
4380.82259 15.439 0.007
4386.79827 15.413 0.007
4390.76021 15.196 0.006
4394.71634 15.122 0.006
4399.73431 15.442 0.007
4404.73250 15.300 0.007
4412.71281 14.993 0.006
4418.80622 14.996 0.006
4421.85201 15.001 0.006
4426.74994 15.383 0.007
4429.85639 15.380 0.007
4430.67642 15.422 0.007
4432.73652 15.340 0.006
4436.77642 15.451 0.007
4439.84150 15.445 0.007
4443.72136 15.023 0.006
4449.69242 14.989 0.006
4451.70214 15.420 0.007
4455.70128 15.095 0.006
4457.73173 15.390 0.007
4460.80337 15.385 0.007
4463.72163 15.363 0.006
4466.71063 15.340 0.006
4470.65806 15.441 0.006
4473.70083 15.456 0.007
4477.75926 15.031 0.006
4482.76311 15.443 0.007
4486.74015 14.994 0.006
4491.71438 15.396 0.007
4494.65968 15.368 0.007
4498.69331 15.375 0.007
4501.69057 15.424 0.007
4506.62467 15.303 0.007
4508.64771 15.031 0.006
4510.71642 15.466 0.007
4517.65064 14.992 0.006
4521.63026 15.197 0.006
4524.59385 15.168 0.006
4530.61735 15.126 0.006
4532.64558 15.381 0.007
4535.61458 15.445 0.007
4536.61782 15.074 0.006
4539.49980 15.021 0.006
4541.60896 15.453 0.007
