 726.85822 15.571 0.007
 729.75362 15.540 0.007
 741.80626 15.439 0.007
 744.80099 15.420 0.007
 746.82175 15.553 0.007
 747.76588 15.382 0.006
 748.72347 15.513 0.007
 749.85756 15.579 0.007
 750.83423 15.375 0.007
 751.83194 15.495 0.007
 754.78247 15.470 0.007
 759.69166 15.536 0.007
 761.84169 15.536 0.007
 766.85566 15.368 0.007
 769.81498 15.389 0.007
 776.80303 15.401 0.007
 778.83216 15.571 0.007
 780.81187 15.507 0.007
 782.79144 15.377 0.006
 789.82381 15.428 0.007
 792.73031 15.386 0.007
 795.81570 15.382 0.006
 796.76986 15.493 0.007
 798.83454 15.374 0.006
 817.73865 15.460 0.007
 824.75700 15.388 0.007
 826.72168 15.598 0.007
 827.72208 15.374 0.006
 828.71202 15.475 0.007
 830.78747 15.400 0.007
 831.57824 15.436 0.007
 832.56098 15.550 0.007
 833.54980 15.551 0.007
 834.68640 15.413 0.006
 834.81858 15.432 0.007
 835.67741 15.538 0.007
 837.69762 15.387 0.006
 838.74567 15.517 0.007
 839.69610 15.594 0.007
 841.73863 15.489 0.007
 842.77476 15.591 0.007
 843.81197 15.365 0.006
 844.55453 15.451 0.008
 846.80213 15.404 0.006
 850.79271 15.430 0.007
 855.69004 15.611 0.010
 856.76304 15.368 0.007
 857.76076 15.487 0.007
 858.74734 15.590 0.007
 859.79057 15.371 0.006
 860.63664 15.441 0.007
 866.61793 15.395 0.007
 874.60878 15.581 0.007
 876.63615 15.431 0.006
 876.73828 15.444 0.006
 878.64344 15.509 0.006
 880.65991 15.534 0.007
 885.57158 15.381 0.007
 887.70442 15.587 0.007
 890.72790 15.578 0.008
 891.56322 15.486 0.007
 892.52767 15.412 0.006
 893.69372 15.566 0.007
 896.54343 15.513 0.007
 900.59708 15.589 0.007
 919.59817 15.577 0.008
 925.60610 15.529 0.007
 934.55763 15.450 0.007
 937.57459 15.423 0.007
 950.55136 15.440 0.007
 952.54210 15.505 0.007
 953.52276 15.408 0.006
 963.50508 15.453 0.008
1074.85507 15.421 0.008
1076.83672 15.552 0.007
1080.79530 15.574 0.007
1083.85851 15.602 0.007
1084.85453 15.374 0.006
1086.87937 15.585 0.007
1090.75982 15.474 0.007
1092.77680 15.551 0.007
1093.81871 15.525 0.007
1106.80282 15.480 0.006
1108.82146 15.541 0.006
1114.82977 15.497 0.006
1120.77753 15.432 0.007
1126.79852 15.386 0.006
1129.86071 15.375 0.006
1132.85634 15.385 0.006
1135.80576 15.450 0.006
1140.85489 15.528 0.007
1142.80645 15.380 0.006
1152.76422 15.416 0.007
1154.78936 15.549 0.007
1156.75428 15.513 0.007
1158.82292 15.373 0.006
1160.82024 15.597 0.007
1164.80228 15.424 0.006
1165.84796 15.440 0.007
1167.77122 15.513 0.007
1168.73060 15.407 0.006
1171.77237 15.386 0.006
1175.77152 15.487 0.006
1179.82179 15.565 0.007
1181.78275 15.424 0.006
1184.72914 15.400 0.006
1187.72066 15.376 0.006
1188.73448 15.483 0.006
1189.78353 15.595 0.006
1191.79778 15.479 0.006
1192.80616 15.594 0.006
1193.84563 15.375 0.006
1194.72120 15.433 0.006
1201.80961 15.510 0.007
1202.81875 15.590 0.007
1204.72516 15.482 0.007
1206.82528 15.372 0.007
1207.73603 15.455 0.007
1208.79910 15.574 0.007
1212.79674 15.488 0.007
1214.70779 15.525 0.007
1215.61247 15.595 0.007
1216.72140 15.373 0.007
1217.77072 15.501 0.007
1218.74574 15.587 0.007
1219.68507 15.371 0.007
1220.79241 15.481 0.007
1221.65850 15.573 0.007
1223.74746 15.455 0.007
1226.63751 15.406 0.006
1227.64235 15.527 0.007
1230.70922 15.516 0.007
1232.74834 15.374 0.007
1235.64282 15.374 0.007
1238.61438 15.450 0.007
1240.73823 15.558 0.008
1242.60774 15.402 0.007
1243.70547 15.528 0.007
1245.68229 15.389 0.007
1248.56061 15.378 0.007
1251.55851 15.423 0.008
1255.56772 15.414 0.007
1256.60899 15.533 0.007
1258.64431 15.394 0.007
1259.65196 15.529 0.007
1261.60602 15.375 0.006
1266.53862 15.564 0.008
1267.59324 15.416 0.007
1268.60658 15.437 0.007
1274.60979 15.390 0.007
1277.59466 15.365 0.007
1279.57991 15.578 0.007
1289.49179 15.600 0.008
1290.56128 15.386 0.007
1298.49075 15.551 0.007
1301.56499 15.542 0.008
1305.59368 15.591 0.007
1312.57038 15.422 0.007
1317.50340 15.517 0.007
1319.55483 15.378 0.007
1327.49538 15.565 0.014
1329.48250 15.417 0.007
1330.54709 15.550 0.008
1335.49994 15.373 0.007
1431.89869 15.372 0.007
1433.89567 15.597 0.007
1436.81322 15.579 0.007
1439.90446 15.556 0.007
1443.84463 15.581 0.008
1447.85690 15.372 0.008
1454.86324 15.434 0.007
1459.83026 15.579 0.007
1461.86830 15.503 0.007
1462.85867 15.594 0.007
1471.85469 15.544 0.007
1476.74733 15.376 0.007
1478.82502 15.593 0.007
1481.86343 15.581 0.007
1484.81320 15.557 0.007
1488.84549 15.565 0.007
1492.68404 15.370 0.007
1494.82958 15.596 0.008
1496.71225 15.433 0.007
1498.73399 15.475 0.007
1502.73005 15.392 0.007
1505.76477 15.380 0.007
1507.76576 15.595 0.007
1508.66802 15.386 0.007
1509.83429 15.475 0.007
1511.68747 15.450 0.007
1514.73561 15.511 0.007
1516.70506 15.526 0.007
1518.67704 15.381 0.007
1520.70261 15.592 0.007
1522.78284 15.483 0.007
1523.67587 15.581 0.008
1524.84281 15.367 0.007
1526.68042 15.566 0.007
1527.84672 15.417 0.007
1529.74990 15.549 0.007
1531.85264 15.417 0.007
1542.83345 15.575 0.007
1543.86619 15.420 0.007
1544.77530 15.417 0.007
1548.80816 15.525 0.007
1549.82074 15.584 0.007
1552.74411 15.581 0.007
1553.81905 15.369 0.006
1554.83429 15.488 0.007
1555.82826 15.587 0.007
1562.82029 15.540 0.007
1566.66975 15.368 0.007
1568.69135 15.583 0.007
1571.75604 15.579 0.007
1574.80805 15.555 0.007
1576.66192 15.402 0.007
1578.76222 15.569 0.007
1581.71156 15.590 0.007
1583.75085 15.466 0.008
1585.69694 15.396 0.007
1588.67169 15.492 0.007
1591.63542 15.575 0.008
1595.65118 15.373 0.007
1596.76444 15.497 0.007
1599.75636 15.460 0.007
1600.73391 15.581 0.007
1601.76223 15.405 0.007
1602.74371 15.440 0.007
1605.53505 15.396 0.007
1606.71043 15.535 0.007
1609.72384 15.513 0.007
1610.74139 15.606 0.008
1611.71874 15.379 0.007
1613.70940 15.586 0.008
1614.70494 15.382 0.007
1615.71939 15.457 0.007
1617.70064 15.452 0.007
1618.69905 15.435 0.007
1620.51681 15.570 0.007
1621.69593 15.415 0.008
1623.68180 15.589 0.007
1625.68621 15.500 0.007
1626.68725 15.601 0.007
1628.67557 15.476 0.007
1630.69481 15.400 0.007
1633.65807 15.490 0.007
1634.65150 15.416 0.007
1635.66518 15.549 0.007
1644.61534 15.458 0.007
1650.60891 15.410 0.008
1653.57487 15.380 0.007
1655.61066 15.597 0.007
1657.59980 15.479 0.008
1659.60346 15.422 0.007
1661.59492 15.569 0.007
1662.59294 15.474 0.007
1665.57495 15.559 0.008
1671.55273 15.586 0.008
1672.57243 15.371 0.007
1684.49466 15.599 0.010
1695.52045 15.391 0.007
1788.89788 15.411 0.007
1812.87580 15.588 0.007
1815.88758 15.567 0.007
1822.76922 15.601 0.007
1830.87753 15.451 0.007
1851.82555 15.582 0.007
1858.75746 15.412 0.007
1861.78516 15.480 0.007
1863.82707 15.545 0.007
1866.77772 15.515 0.007
1868.78214 15.374 0.006
1869.81665 15.503 0.007
1872.80020 15.469 0.007
2193.87175 15.439 0.006
2202.87182 15.370 0.006
2206.78080 15.456 0.006
2215.82470 15.384 0.006
2222.82421 15.462 0.007
2225.70708 15.403 0.006
2227.78214 15.555 0.006
2229.78798 15.512 0.006
2231.75637 15.373 0.006
2237.64400 15.463 0.007
2239.70496 15.537 0.006
2241.79672 15.411 0.006
2244.67634 15.380 0.006
2249.78621 15.587 0.006
2251.69449 15.443 0.006
2252.85491 15.568 0.006
2254.78121 15.426 0.006
2257.80471 15.402 0.006
2260.81210 15.377 0.006
2262.82976 15.592 0.006
2265.80436 15.589 0.006
2269.75439 15.486 0.006
2272.70353 15.564 0.006
2274.69901 15.520 0.006
2276.72331 15.341 0.006
2278.84280 15.602 0.006
2280.66552 15.453 0.006
2282.82687 15.399 0.006
2288.80878 15.563 0.006
2291.84230 15.584 0.006
2296.83740 15.468 0.007
2298.83037 15.429 0.006
2301.76112 15.521 0.007
2303.76043 15.527 0.006
2321.73225 15.379 0.006
2328.60943 15.418 0.007
2335.51928 15.484 0.007
2341.51663 15.426 0.007
2358.50897 15.539 0.007
2391.53562 15.585 0.007
2548.85006 15.593 0.007
2553.81748 15.462 0.007
2557.88233 15.551 0.007
2561.88498 15.560 0.006
2566.78893 15.482 0.007
2574.86412 15.505 0.007
2579.76440 15.494 0.007
2586.80127 15.561 0.006
2591.76550 15.382 0.006
2598.75306 15.456 0.006
2606.78194 15.585 0.006
2610.67985 15.373 0.006
2615.80712 15.570 0.006
2619.64553 15.568 0.006
2622.76559 15.590 0.007
2625.63090 15.585 0.007
2628.62869 15.559 0.007
2630.66563 15.432 0.006
2632.78685 15.481 0.006
2636.73681 15.386 0.006
2638.85392 15.584 0.007
2641.82931 15.594 0.007
2643.82938 15.473 0.006
2645.82860 15.414 0.006
2649.73954 15.410 0.006
2651.78238 15.572 0.006
2653.80981 15.517 0.007
2655.83666 15.374 0.006
2657.82864 15.590 0.007
2658.82086 15.380 0.007
2660.77544 15.563 0.006
2662.74888 15.424 0.006
2664.76535 15.532 0.007
2669.61843 15.485 0.006
2672.61632 15.458 0.006
2674.81854 15.393 0.006
2676.79166 15.566 0.007
2678.83753 15.422 0.006
2680.74587 15.561 0.006
2684.62274 15.375 0.006
2688.60028 15.441 0.006
2693.56193 15.568 0.006
2697.57797 15.372 0.006
2702.58452 15.575 0.007
2709.52998 15.592 0.007
2726.49615 15.370 0.007
2875.90718 15.563 0.007
2885.89780 15.582 0.007
2893.87841 15.402 0.006
2897.89508 15.502 0.006
2908.81577 15.566 0.007
2912.83898 15.381 0.006
2917.84715 15.572 0.006
2923.84987 15.540 0.006
2927.75825 15.594 0.007
2931.83640 15.393 0.006
2934.87128 15.451 0.006
2940.85135 15.578 0.006
2943.85614 15.596 0.006
2947.86455 15.398 0.006
2951.74147 15.406 0.006
2954.80864 15.383 0.006
2956.84696 15.589 0.006
2961.78332 15.467 0.006
2963.83429 15.424 0.006
2964.73172 15.430 0.006
2966.81098 15.511 0.006
2968.77181 15.529 0.006
2971.77505 15.504 0.006
2974.85745 15.488 0.006
2978.68406 15.559 0.007
2980.77834 15.420 0.006
2982.82741 15.526 0.006
2985.73008 15.598 0.006
2987.77773 15.509 0.007
2989.71874 15.381 0.006
2991.79220 15.585 0.006
2993.80187 15.448 0.006
2996.77585 15.410 0.006
2998.78865 15.566 0.006
3000.79972 15.509 0.007
3002.79008 15.372 0.006
3004.81579 15.586 0.006
3006.80235 15.467 0.006
3008.76498 15.440 0.006
3010.83566 15.564 0.006
3013.76139 15.521 0.006
3016.78569 15.515 0.007
3020.62601 15.575 0.006
3022.65827 15.435 0.006
3023.76631 15.576 0.006
3025.76944 15.424 0.006
3029.77272 15.518 0.006
3032.62150 15.486 0.006
3034.66956 15.386 0.006
3036.69968 15.573 0.006
3039.64162 15.546 0.006
3041.72466 15.413 0.006
3042.74992 15.553 0.007
3044.68870 15.381 0.006
3046.67484 15.592 0.007
3048.70805 15.478 0.006
3050.70499 15.385 0.006
3052.70123 15.569 0.006
3054.70735 15.434 0.006
3056.69443 15.534 0.006
3058.68777 15.519 0.006
3059.63400 15.600 0.006
3066.62497 15.429 0.006
3068.65317 15.562 0.007
3071.55158 15.526 0.007
3074.55156 15.506 0.007
3076.67085 15.383 0.006
3079.67043 15.391 0.006
3083.54060 15.420 0.007
3085.63885 15.528 0.006
3088.59619 15.591 0.007
3091.59969 15.598 0.007
3097.52416 15.554 0.007
3100.56170 15.526 0.007
3103.56980 15.505 0.006
3106.59915 15.497 0.006
3109.58229 15.456 0.006
3112.60808 15.440 0.006
3126.53726 15.564 0.007
3132.54028 15.516 0.007
3242.92184 15.567 0.007
3249.89938 15.367 0.006
3260.88096 15.509 0.006
3271.87130 15.552 0.006
3274.87450 15.589 0.007
3279.82801 15.454 0.006
3282.89383 15.435 0.006
3288.73624 15.372 0.006
3291.81715 15.367 0.006
3297.82849 15.461 0.006
3300.69262 15.578 0.006
3302.68730 15.500 0.007
3305.79889 15.486 0.006
3307.82371 15.369 0.006
3309.86010 15.592 0.006
3315.79604 15.524 0.006
3321.76046 15.485 0.006
3328.85868 15.556 0.006
3333.85846 15.383 0.006
3335.80753 15.580 0.007
3340.69138 15.442 0.006
3353.78346 15.471 0.006
3357.81109 15.566 0.006
3360.79069 15.549 0.006
3366.75472 15.475 0.006
3378.79799 15.382 0.006
3385.58790 15.432 0.006
3387.79599 15.469 0.006
3394.68699 15.369 0.006
3402.74526 15.556 0.006
3404.67696 15.406 0.006
3410.53478 15.382 0.006
3416.54235 15.531 0.006
3425.54872 15.588 0.007
3430.54546 15.435 0.006
3436.59634 15.376 0.006
3448.52659 15.573 0.006
3458.49803 15.468 0.006
3603.89837 15.400 0.006
3621.87610 15.594 0.006
3624.89989 15.583 0.006
3630.84705 15.550 0.006
3637.79814 15.591 0.006
3640.84232 15.579 0.006
3651.87480 15.381 0.006
3655.79196 15.475 0.006
3659.77536 15.560 0.006
3663.73933 15.585 0.006
3669.83445 15.591 0.006
3673.71180 15.458 0.006
3685.83876 15.585 0.006
3688.75767 15.565 0.006
3690.83222 15.423 0.006
3693.83855 15.400 0.006
3696.77618 15.380 0.006
3699.78905 15.370 0.006
3701.84401 15.590 0.006
3703.84083 15.457 0.006
3706.71609 15.404 0.006
3711.75160 15.603 0.006
3713.83964 15.495 0.006
3715.81594 15.373 0.006
3718.84704 15.418 0.006
3724.79037 15.567 0.006
3728.82464 15.369 0.006
3731.83180 15.373 0.006
3733.73116 15.558 0.006
3735.71073 15.415 0.006
3738.74469 15.401 0.006
3740.80961 15.572 0.006
3742.82904 15.497 0.006
3745.84651 15.481 0.006
3747.84951 15.373 0.006
3749.79678 15.554 0.007
3751.81064 15.402 0.006
3753.76074 15.541 0.006
3755.78891 15.513 0.006
3757.80886 15.364 0.006
3760.62049 15.406 0.006
3763.74119 15.430 0.006
3766.75774 15.506 0.006
3771.66719 15.493 0.006
3774.65867 15.465 0.006
3777.61696 15.434 0.006
3780.68111 15.422 0.006
3788.60747 15.580 0.006
3794.57700 15.547 0.006
3802.51786 15.364 0.006
3812.53064 15.386 0.006
3830.48398 15.589 0.006
3965.91247 15.516 0.006
3970.92825 15.503 0.006
3982.87875 15.392 0.006
3990.82568 15.578 0.006
3999.89502 15.513 0.006
4003.77077 15.581 0.006
4006.82013 15.559 0.006
4008.84115 15.424 0.006
4013.85303 15.601 0.006
4019.85768 15.586 0.006
4024.84720 15.422 0.006
4027.75176 15.385 0.006
4029.86237 15.584 0.006
4036.74094 15.465 0.006
4039.72909 15.537 0.006
4041.80282 15.525 0.006
4045.67113 15.596 0.007
4047.66752 15.448 0.006
4050.64328 15.426 0.006
4052.83255 15.452 0.006
4054.81940 15.542 0.006
4057.74445 15.521 0.006
4060.68386 15.485 0.006
4065.76790 15.427 0.006
4067.72408 15.553 0.006
4069.85965 15.430 0.006
4074.83888 15.596 0.006
4078.75679 15.392 0.006
4080.76817 15.581 0.006
4083.84280 15.550 0.006
4085.81764 15.421 0.006
4096.65091 15.552 0.006
4106.64151 15.591 0.006
4112.81835 15.564 0.006
4122.74641 15.581 0.006
4127.72340 15.426 0.006
4145.65606 15.566 0.007
4158.52623 15.564 0.007
4169.55558 15.438 0.006
4344.85827 15.566 0.007
4348.88856 15.375 0.006
4354.81686 15.442 0.006
4358.87848 15.422 0.006
4363.89388 15.599 0.007
4367.81616 15.403 0.006
4371.82689 15.419 0.006
4378.78082 15.487 0.007
4381.79772 15.476 0.007
4387.74024 15.405 0.006
4390.87733 15.399 0.006
4396.77801 15.399 0.006
4400.78596 15.429 0.006
4408.79765 15.596 0.007
4415.86329 15.450 0.006
4423.82536 15.494 0.006
4427.79178 15.571 0.007
4430.79500 15.564 0.007
4433.81248 15.547 0.007
4437.73895 15.591 0.007
4440.75876 15.587 0.007
4444.70373 15.479 0.007
4449.81831 15.533 0.007
4451.85383 15.390 0.007
4454.79358 15.366 0.006
4456.79594 15.585 0.007
4458.80266 15.445 0.006
4463.78604 15.538 0.006
4465.80281 15.541 0.006
4470.72282 15.385 0.006
4473.76584 15.432 0.007
4478.80731 15.545 0.006
4481.84942 15.509 0.006
4486.84719 15.367 0.006
4490.66531 15.426 0.006
4493.73591 15.405 0.006
4497.78824 15.508 0.006
4500.66120 15.464 0.006
4502.77106 15.409 0.007
4507.76216 15.548 0.007
4509.72583 15.391 0.006
4518.72506 15.437 0.007
4522.52537 15.402 0.006
4524.66577 15.593 0.007
4530.69018 15.586 0.006
4534.65682 15.474 0.006
4538.67214 15.394 0.006
4540.67217 15.579 0.007
4542.58931 15.501 0.006
