 726.84282 15.909 0.009
 729.73822 16.040 0.009
 741.79082 15.690 0.009
 744.78557 15.931 0.009
 745.87016 16.105 0.010
 746.80633 15.871 0.009
 747.75048 16.069 0.009
 748.70804 15.773 0.009
 749.84213 16.035 0.010
 750.81881 15.718 0.008
 751.81653 16.002 0.009
 753.82409 15.953 0.008
 754.76701 16.121 0.012
 759.67624 15.697 0.009
 761.81114 15.764 0.009
 761.82626 15.724 0.008
 769.79955 16.008 0.010
 776.78761 16.062 0.010
 778.81673 16.038 0.010
 780.79646 15.988 0.009
 782.77601 15.923 0.009
 789.80837 15.999 0.010
 792.71487 16.114 0.012
 795.80029 15.835 0.009
 796.75442 16.039 0.010
 798.81909 16.008 0.010
 817.72321 15.704 0.008
 824.74153 15.791 0.009
 826.70620 15.703 0.008
 827.70660 15.990 0.009
 828.69653 15.943 0.009
 830.77200 16.097 0.010
 831.56274 15.839 0.010
 832.54551 16.044 0.010
 833.56489 15.757 0.009
 834.67091 16.025 0.009
 834.80312 16.051 0.010
 835.66194 15.703 0.008
 837.68206 15.876 0.008
 838.73018 15.967 0.010
 839.68053 16.109 0.010
 841.72352 16.099 0.009
 842.75967 15.841 0.009
 843.79684 16.062 0.009
 844.53941 15.691 0.009
 846.78665 15.687 0.008
 850.77724 16.122 0.010
 855.67457 15.717 0.010
 856.74756 15.982 0.010
 857.74530 15.933 0.010
 858.73186 15.922 0.009
 859.77507 16.117 0.010
 860.62116 15.836 0.009
 866.60241 16.036 0.012
 874.58579 15.994 0.009
 876.62062 15.922 0.009
 876.72277 15.956 0.008
 878.62789 15.884 0.009
 880.64435 15.814 0.009
 885.55604 15.951 0.012
 887.68889 15.909 0.009
 890.71240 16.072 0.012
 891.54400 15.711 0.009
 892.51213 15.985 0.008
 893.67823 15.697 0.009
 896.52787 15.888 0.009
 900.58157 15.747 0.009
 909.60098 15.799 0.012
 919.58263 16.034 0.010
 925.59055 15.881 0.010
 931.59333 15.743 0.010
 934.54210 15.884 0.010
 937.55906 16.047 0.012
 950.53580 15.990 0.009
 952.52657 15.925 0.009
 953.50721 16.113 0.012
 963.48953 15.873 0.010
1074.83959 15.755 0.009
1076.82130 15.744 0.009
1080.77985 16.108 0.010
1083.84307 15.748 0.008
1084.83911 16.023 0.009
1086.86393 16.010 0.009
1090.74442 15.837 0.010
1092.76136 15.773 0.009
1093.80331 16.043 0.009
1106.78740 15.946 0.008
1108.80603 15.890 0.008
1114.81436 15.733 0.008
1120.76209 16.068 0.010
1126.78310 15.926 0.009
1129.84528 16.088 0.009
1132.84093 15.713 0.008
1135.79036 15.941 0.009
1140.83945 16.037 0.009
1142.79103 16.012 0.009
1152.74880 15.792 0.009
1154.77391 16.059 0.009
1156.73885 16.098 0.010
1158.80745 16.061 0.010
1160.80485 16.028 0.010
1164.78684 15.937 0.009
1165.83255 16.114 0.010
1167.75575 16.068 0.010
1168.71510 15.787 0.009
1171.75686 15.994 0.008
1175.75608 15.876 0.009
1179.80635 15.742 0.009
1181.76727 15.803 0.010
1184.71371 15.867 0.008
1187.70521 16.036 0.009
1188.71902 15.718 0.008
1189.76807 16.006 0.009
1191.78228 15.979 0.009
1192.79069 16.025 0.009
1193.83016 15.932 0.009
1194.70575 16.111 0.010
1201.79414 15.935 0.010
1202.80328 15.932 0.009
1204.70971 15.838 0.009
1206.80982 15.804 0.009
1207.72056 16.024 0.012
1208.78362 15.702 0.009
1212.78124 16.115 0.012
1214.69225 16.065 0.010
1215.59701 15.748 0.009
1216.70594 16.006 0.010
1217.75526 15.717 0.009
1218.73027 15.979 0.010
1219.66958 15.941 0.010
1220.77691 15.939 0.010
1221.64298 16.116 0.010
1223.73199 16.081 0.010
1226.62203 15.696 0.008
1227.62687 15.985 0.009
1230.69372 16.077 0.010
1232.73285 16.095 0.012
1235.62732 15.720 0.009
1238.59891 15.933 0.010
1240.72272 15.898 0.010
1242.59224 15.819 0.010
1243.68997 16.049 0.010
1245.66680 16.002 0.010
1248.54507 16.103 0.012
1251.54298 15.812 0.010
1255.55221 15.736 0.010
1256.59349 15.967 0.010
1258.62879 15.921 0.009
1259.63641 16.107 0.010
1261.59050 16.048 0.010
1266.52309 16.013 0.012
1267.57771 15.930 0.010
1268.59106 16.112 0.012
1274.59425 16.003 0.012
1277.57909 16.099 0.010
1279.56439 16.094 0.010
1281.58660 16.032 0.010
1289.47626 15.815 0.012
1290.54571 16.045 0.012
1298.47522 15.828 0.012
1301.54949 16.014 0.012
1305.57816 15.920 0.010
1312.55485 15.970 0.010
1317.48789 16.069 0.010
1319.53930 16.029 0.010
1327.47987 15.850 0.017
1329.46699 15.711 0.010
1330.53157 15.999 0.012
1335.48440 16.103 0.010
1431.88326 15.979 0.009
1433.88023 16.113 0.013
1436.79779 15.764 0.009
1439.88902 15.992 0.009
1443.82919 15.856 0.012
1447.84147 15.720 0.010
1449.88327 15.786 0.010
1454.84782 15.840 0.012
1459.81481 15.952 0.009
1461.85285 15.903 0.010
1462.84321 16.101 0.012
1471.83927 16.112 0.010
1476.73191 15.737 0.009
1478.80957 15.956 0.009
1481.84802 15.869 0.010
1484.79776 16.024 0.009
1488.83005 15.942 0.009
1491.80876 16.096 0.010
1494.81415 15.733 0.009
1496.69681 15.948 0.010
1498.71854 16.106 0.010
1502.71461 16.035 0.010
1505.74938 15.768 0.009
1507.75035 16.067 0.010
1508.65256 15.876 0.009
1509.81681 16.110 0.010
1510.84052 15.855 0.009
1511.67203 16.029 0.010
1514.72018 15.731 0.009
1516.68959 16.080 0.009
1518.66159 16.095 0.010
1520.68720 16.045 0.010
1522.76740 16.023 0.009
1523.66041 15.771 0.013
1524.82735 16.002 0.009
1526.66501 15.911 0.009
1527.83127 16.086 0.010
1529.73448 16.072 0.010
1531.83720 16.051 0.009
1538.79336 16.091 0.010
1542.81801 16.015 0.009
1543.85072 15.692 0.009
1544.75985 15.959 0.009
1548.79270 15.848 0.009
1549.80529 16.063 0.009
1552.72862 15.687 0.008
1553.80358 15.987 0.009
1554.81883 15.890 0.008
1555.81280 15.931 0.009
1562.80479 15.992 0.009
1566.65422 15.823 0.009
1568.67585 15.775 0.009
1571.74057 15.989 0.009
1574.79259 16.048 0.009
1576.64643 16.061 0.010
1578.74677 16.050 0.010
1581.69608 15.793 0.009
1583.73538 16.047 0.010
1585.68147 16.087 0.010
1588.65621 15.729 0.009
1591.61993 15.946 0.012
1595.63570 15.821 0.009
1596.74893 16.073 0.010
1599.74087 15.699 0.009
1600.71843 15.983 0.012
1601.74671 15.869 0.009
1602.72822 15.940 0.009
1605.51954 16.039 0.010
1606.69489 15.796 0.009
1609.70832 15.978 0.009
1610.72591 15.819 0.010
1611.70324 15.928 0.010
1613.69389 15.871 0.010
1614.68943 16.080 0.010
1615.70388 15.815 0.009
1617.68512 15.716 0.008
1618.68351 16.002 0.010
1620.50128 15.908 0.010
1621.68041 16.077 0.013
1623.66627 16.095 0.010
1625.67071 16.041 0.010
1626.67171 15.740 0.009
1628.66002 15.726 0.009
1630.67925 16.023 0.009
1633.64256 15.831 0.009
1634.63598 16.055 0.010
1635.64967 15.764 0.009
1644.59978 15.776 0.009
1650.59336 16.119 0.016
1653.55936 15.767 0.009
1655.59513 15.708 0.009
1657.58429 15.904 0.012
1659.58792 16.099 0.010
1662.57740 15.796 0.009
1665.55940 15.997 0.013
1671.53723 15.795 0.010
1684.47912 15.768 0.010
1695.50494 15.977 0.010
1783.90952 15.982 0.009
1788.88242 16.065 0.010
1809.86369 15.748 0.008
1815.87216 16.105 0.009
1822.75381 16.088 0.010
1830.86206 15.999 0.010
1851.81013 16.063 0.012
1858.74201 15.788 0.010
1861.76977 15.915 0.009
1863.81162 15.845 0.008
1866.76230 16.014 0.009
1868.76671 15.984 0.009
1869.80123 15.930 0.009
1872.78475 15.875 0.009
2187.78771 15.840 0.008
2190.88352 16.029 0.008
2193.85417 15.776 0.006
2202.85392 15.711 0.006
2215.80673 16.114 0.009
2222.80654 15.926 0.009
2224.85418 16.096 0.009
2227.76504 15.788 0.008
2229.77078 15.706 0.008
2231.73932 15.932 0.008
2233.70751 16.124 0.008
2237.62674 16.016 0.009
2239.68778 15.984 0.008
2241.77942 15.963 0.008
2243.84969 15.919 0.009
2248.70919 16.007 0.008
2250.74068 15.945 0.008
2252.83775 15.929 0.008
2254.75951 15.837 0.006
2257.77708 16.010 0.008
2260.79236 15.920 0.008
2265.73037 15.785 0.006
2266.80127 16.032 0.008
2270.83277 15.955 0.008
2272.68494 15.861 0.008
2274.81125 15.828 0.008
2276.86661 15.760 0.008
2278.82563 15.700 0.008
2280.80532 16.026 0.008
2282.80913 16.100 0.009
2290.69484 15.903 0.008
2293.80993 16.077 0.009
2295.83383 16.011 0.008
2297.82059 15.973 0.008
2299.83702 15.923 0.008
2301.73113 15.863 0.008
2302.80634 16.099 0.009
2303.72910 15.793 0.008
2321.71364 15.820 0.008
2328.59066 15.867 0.008
2340.58040 16.030 0.009
2346.52109 15.869 0.008
2360.51602 16.021 0.009
2391.51696 15.953 0.009
2540.89479 15.890 0.009
2548.83170 16.081 0.009
2553.79838 15.741 0.008
2557.86380 15.998 0.009
2561.86647 16.062 0.008
2565.85578 15.980 0.009
2574.81291 15.982 0.009
2574.82593 15.990 0.008
2578.86943 15.891 0.008
2586.78236 16.099 0.009
2590.85567 16.046 0.008
2596.86336 15.919 0.009
2606.75899 16.102 0.008
2610.66100 16.001 0.009
2614.83004 15.952 0.008
2619.70636 16.019 0.008
2621.83366 15.997 0.008
2624.73077 16.111 0.009
2627.83921 15.837 0.009
2630.60891 15.977 0.009
2632.75979 15.958 0.008
2636.70962 15.811 0.008
2638.75388 15.751 0.008
2641.80228 15.978 0.008
2643.81093 15.932 0.008
2645.79740 15.866 0.008
2649.68432 15.703 0.006
2651.76405 15.913 0.008
2653.74672 16.109 0.009
2655.78118 16.023 0.008
2657.76524 16.021 0.009
2659.82636 16.012 0.009
2661.62652 15.908 0.008
2666.61042 16.009 0.008
2668.83877 16.014 0.009
2673.78420 16.102 0.009
2676.76450 15.743 0.008
2678.81043 15.697 0.006
2680.70263 16.040 0.008
2684.59613 16.039 0.008
2688.56978 15.954 0.008
2692.54426 15.813 0.008
2697.55920 15.947 0.008
2702.56075 16.042 0.009
2709.51148 16.105 0.009
2725.52008 15.852 0.008
2875.88879 15.847 0.009
2884.91086 15.869 0.008
2896.88766 16.045 0.009
2902.81666 15.878 0.006
2907.87813 16.013 0.006
2912.82060 16.103 0.008
2917.82883 15.703 0.008
2923.83151 16.076 0.009
2926.88397 15.719 0.008
2931.81792 15.880 0.008
2934.85290 16.048 0.008
2940.83313 15.896 0.008
2943.83796 16.050 0.008
2947.84611 15.973 0.008
2950.76251 16.103 0.009
2954.78838 16.012 0.009
2956.82867 15.981 0.008
2961.76196 16.060 0.009
2963.76460 16.024 0.009
2966.78885 15.888 0.006
2968.75353 16.111 0.008
2971.81549 15.814 0.008
2974.83855 15.999 0.008
2976.69852 15.928 0.008
2979.68238 16.079 0.009
2981.70295 16.038 0.012
2983.83480 16.004 0.009
2985.80188 15.964 0.008
2987.75841 15.896 0.008
2989.69863 15.821 0.008
2991.77247 15.775 0.008
2993.77862 15.691 0.006
2995.85388 15.856 0.008
2997.82503 16.104 0.009
2998.77048 15.852 0.008
3000.77905 15.793 0.008
3002.77060 15.705 0.006
3004.76352 15.899 0.008
3006.75671 16.115 0.008
3008.71631 16.077 0.009
3010.81747 16.031 0.008
3016.76741 15.887 0.008
3018.79807 15.841 0.006
3020.86167 15.773 0.008
3022.63977 15.882 0.008
3023.74794 15.962 0.008
3025.75115 15.905 0.008
3027.76968 15.833 0.008
3029.75411 15.770 0.008
3031.82607 15.694 0.006
3034.65119 15.889 0.006
3036.68145 15.837 0.008
3039.62343 15.999 0.008
3041.70632 15.983 0.009
3042.73139 15.925 0.008
3044.67042 16.118 0.009
3046.65655 16.056 0.009
3048.68977 16.020 0.008
3050.68653 15.974 0.008
3052.68297 15.939 0.008
3054.68851 15.875 0.008
3056.67629 15.811 0.008
3058.66960 15.716 0.006
3066.60674 16.037 0.009
3068.63500 15.996 0.009
3071.53326 16.103 0.009
3074.53294 15.796 0.008
3076.65202 15.762 0.008
3079.64937 15.966 0.008
3083.51644 15.818 0.008
3085.62022 15.768 0.008
3088.57644 15.973 0.009
3091.58073 16.118 0.009
3097.49782 15.972 0.010
3100.53896 16.114 0.010
3103.54656 15.796 0.008
3106.57897 15.978 0.008
3113.58109 16.019 0.009
3127.53897 16.013 0.008
3133.55465 16.014 0.009
3230.92938 15.806 0.008
3242.90374 15.999 0.008
3249.87072 16.046 0.009
3260.86265 16.001 0.008
3264.90462 15.917 0.006
3271.85306 15.981 0.008
3274.85635 16.115 0.009
3279.80996 15.697 0.006
3282.87558 15.952 0.008
3291.79854 15.946 0.006
3295.81897 15.822 0.006
3297.81041 15.741 0.006
3305.78072 16.053 0.008
3307.80555 16.018 0.009
3309.84201 15.986 0.008
3321.74210 16.114 0.008
3327.85624 16.012 0.008
3333.83985 15.850 0.008
3336.68178 15.991 0.008
3340.83392 15.921 0.008
3353.76526 15.800 0.008
3357.79290 15.856 0.008
3360.77074 15.877 0.006
3363.84531 16.046 0.008
3370.80255 16.117 0.009
3376.75462 15.956 0.008
3378.77977 15.903 0.008
3387.77770 15.927 0.008
3394.66867 15.965 0.008
3396.68969 15.911 0.008
3399.82012 16.090 0.009
3402.72695 15.730 0.006
3404.65854 15.926 0.008
3409.57530 15.789 0.006
3413.57397 15.952 0.006
3413.61847 15.887 0.008
3418.57044 15.806 0.006
3426.56731 16.090 0.008
3432.54777 15.954 0.008
3439.52387 16.000 0.008
3447.54931 15.782 0.008
3457.52627 16.041 0.008
3603.88030 15.756 0.006
3620.91659 16.101 0.008
3630.82768 15.806 0.008
3637.77019 15.881 0.008
3640.82426 16.058 0.008
3651.85675 16.040 0.008
3655.77305 15.908 0.008
3658.86893 16.069 0.008
3660.86624 16.074 0.009
3664.87584 15.940 0.008
3668.85972 15.842 0.008
3672.84842 15.806 0.006
3676.73519 16.066 0.008
3685.80502 16.100 0.008
3688.73917 15.738 0.006
3690.81394 15.721 0.006
3693.71563 15.892 0.008
3696.75806 16.069 0.008
3699.77099 15.710 0.006
3701.82414 15.891 0.008
3703.82278 16.111 0.008
3706.69838 15.774 0.006
3711.73357 15.951 0.008
3713.82150 15.916 0.008
3715.79795 15.822 0.006
3718.76689 16.017 0.008
3722.66184 15.873 0.008
3726.74399 15.761 0.008
3728.80628 15.696 0.006
3730.77603 15.998 0.008
3732.85157 16.112 0.008
3734.84441 16.079 0.008
3735.69278 15.748 0.006
3737.85130 15.721 0.006
3740.78943 15.938 0.006
3741.62366 16.092 0.009
3743.78020 16.084 0.008
3748.80129 15.807 0.008
3750.81610 16.065 0.009
3753.68917 15.792 0.006
3755.77075 15.746 0.006
3757.79023 15.718 0.006
3760.76985 15.908 0.008
3763.72283 16.051 0.006
3766.73956 15.725 0.006
3770.76701 16.112 0.008
3774.64050 16.017 0.008
3777.59894 16.089 0.008
3781.76611 16.085 0.009
3786.61567 16.025 0.008
3793.56534 15.708 0.006
3801.55531 16.027 0.008
3812.51259 15.992 0.008
3829.48729 15.739 0.008
3965.89040 15.797 0.006
3970.91056 15.953 0.008
3982.86109 16.100 0.008
4002.87461 16.072 0.006
4004.89289 16.040 0.006
4006.80244 15.982 0.006
4008.82343 15.941 0.006
4013.83507 16.010 0.008
4019.83788 15.876 0.006
4027.73156 16.108 0.008
4029.84437 16.109 0.008
4039.71129 15.812 0.008
4041.78506 15.777 0.006
4049.75328 16.080 0.008
4052.81483 15.709 0.006
4054.80164 15.931 0.008
4056.86011 16.089 0.008
4060.72311 16.028 0.006
4065.75042 16.108 0.008
4066.82494 15.905 0.006
4068.85978 15.853 0.008
4070.78222 15.737 0.006
4074.82097 16.023 0.008
4078.73885 16.070 0.008
4080.74953 16.017 0.008
4083.73623 16.040 0.008
4085.79978 16.137 0.009
4095.66115 15.860 0.006
4106.62234 15.793 0.008
4112.79667 16.037 0.008
4121.79554 15.956 0.008
4126.77067 15.818 0.008
4129.80425 16.011 0.008
4143.58127 16.056 0.008
4157.58795 15.885 0.009
4169.53750 15.877 0.008
4199.50556 16.083 0.009
4343.89803 15.902 0.008
4348.87077 16.015 0.008
4353.89834 16.130 0.009
4358.85046 15.705 0.008
4363.86730 15.881 0.009
4367.85556 15.718 0.008
4371.80499 16.117 0.009
4378.74437 15.916 0.009
4381.77999 15.890 0.009
4387.72243 15.847 0.006
4390.85954 15.930 0.008
4400.71116 16.100 0.009
4408.73893 15.921 0.009
4412.82233 15.827 0.008
4427.77392 16.066 0.009
4430.77720 15.847 0.008
4433.79468 16.024 0.009
4437.72127 15.918 0.009
4440.74090 16.074 0.009
4443.85851 15.743 0.009
4449.80032 16.110 0.009
4451.83585 16.059 0.009
4455.80555 15.971 0.008
4458.78422 16.121 0.009
4462.77825 16.026 0.008
4464.82383 15.982 0.008
4467.79495 16.136 0.008
4472.71085 15.711 0.006
4476.79792 16.130 0.008
4480.74829 16.034 0.008
4484.82775 15.964 0.008
4488.74862 15.807 0.008
4492.76787 15.782 0.008
4497.77118 15.826 0.008
4500.64422 15.993 0.008
4502.75408 15.992 0.009
4507.75812 16.076 0.009
4509.70880 16.032 0.008
4512.75817 15.957 0.006
4518.70702 16.009 0.009
4521.74445 15.908 0.009
4524.64407 15.850 0.008
4530.67017 15.912 0.008
4534.63868 16.081 0.009
4538.65404 16.007 0.009
4542.56625 15.869 0.008
