2187.85691 15.285 0.006
2194.82402 15.665 0.007
2206.83315 15.238 0.007
2216.82421 15.625 0.007
2225.75888 15.166 0.006
2225.78664 15.175 0.006
2227.83309 15.525 0.007
2229.83897 15.571 0.007
2231.80731 15.390 0.006
2233.77542 15.087 0.006
2237.69524 15.505 0.007
2239.75605 15.327 0.006
2242.64922 15.366 0.007
2244.72731 15.109 0.006
2250.66136 15.310 0.006
2252.75468 15.029 0.005
2254.81375 15.663 0.006
2256.79074 15.490 0.006
2258.78952 15.289 0.006
2262.75964 15.618 0.007
2266.81929 15.238 0.006
2270.70622 15.565 0.006
2272.80025 15.421 0.006
2275.69658 15.449 0.006
2277.85542 15.279 0.006
2279.68615 15.446 0.007
2281.86008 15.609 0.007
2283.65291 15.404 0.006
2288.86047 15.318 0.006
2289.65428 15.546 0.006
2291.66300 15.353 0.006
2295.65628 15.651 0.007
2297.64349 15.499 0.006
2299.85099 15.358 0.007
2301.82394 15.037 0.006
2302.83381 15.439 0.007
2303.81485 15.650 0.007
2304.61749 15.066 0.006
2325.61935 15.646 0.007
2336.51609 15.653 0.007
2341.57380 15.556 0.007
2359.50678 15.244 0.007
2391.60011 15.068 0.007
2550.81512 15.398 0.007
2553.87992 15.494 0.007
2558.79663 15.334 0.007
2562.81042 15.660 0.007
2576.82285 15.514 0.007
2579.82695 15.008 0.006
2586.86849 15.554 0.007
2591.84369 15.434 0.007
2598.81062 15.068 0.006
2606.84040 15.463 0.007
2610.76995 15.390 0.007
2615.71584 15.208 0.005
2619.77839 15.599 0.007
2622.67566 15.631 0.007
2625.74151 15.636 0.007
2628.70558 15.321 0.007
2630.74494 15.602 0.007
2634.80069 15.213 0.006
2636.81433 15.500 0.007
2639.73031 15.025 0.005
2642.80811 15.128 0.007
2644.80777 15.645 0.007
2646.79479 15.541 0.007
2649.81741 15.602 0.007
2651.83707 15.432 0.007
2653.71377 15.133 0.006
2656.79763 15.285 0.007
2658.79294 15.070 0.007
2660.82665 15.619 0.007
2662.82472 15.458 0.007
2665.59668 15.471 0.007
2668.62794 15.540 0.007
2671.82777 15.659 0.007
2674.74905 15.662 0.007
2676.82311 15.547 0.007
2679.59190 15.562 0.007
2680.79758 15.045 0.005
2685.53984 15.664 0.007
2689.57449 15.309 0.007
2693.59151 15.646 0.007
2698.52448 15.524 0.007
2703.54350 15.414 0.007
2710.51905 15.256 0.007
2728.49990 15.516 0.007
2877.89910 15.375 0.007
2886.88345 15.583 0.007
2894.90270 15.547 0.007
2899.90988 15.430 0.007
2905.86730 15.555 0.007
2908.87031 15.615 0.007
2918.84637 15.392 0.007
2924.80299 15.521 0.007
2927.81429 15.589 0.008
2932.76775 15.479 0.007
2935.78727 15.532 0.007
2941.74599 15.656 0.007
2944.77724 15.625 0.007
2948.74035 15.366 0.007
2951.79581 15.445 0.007
2955.67557 15.631 0.008
2957.82019 15.599 0.007
2961.83864 15.159 0.006
2964.78622 15.254 0.006
2967.70611 15.338 0.006
2974.79805 15.607 0.007
2976.71722 15.552 0.007
2978.78798 15.387 0.006
2980.80869 15.104 0.006
2982.80476 15.663 0.007
2985.69926 15.611 0.007
2987.83309 15.594 0.007
2989.83589 15.431 0.007
2991.84679 15.171 0.006
2993.83942 15.640 0.007
2996.80725 15.198 0.006
2998.81903 15.612 0.007
3000.82953 15.439 0.007
3002.82310 15.188 0.006
3004.84502 15.532 0.007
3006.83166 15.579 0.007
3007.83179 15.016 0.006
3009.79483 15.619 0.007
3011.85158 15.478 0.007
3013.82087 15.230 0.006
3016.84884 15.353 0.006
3019.78206 15.404 0.006
3023.82104 15.633 0.007
3025.82368 15.557 0.006
3027.84469 15.373 0.006
3029.82737 15.074 0.006
3032.67607 15.147 0.006
3034.75878 15.621 0.007
3036.78555 15.576 0.007
3041.78540 15.459 0.007
3043.73645 15.216 0.007
3044.74736 15.519 0.007
3046.72945 15.308 0.007
3048.76250 15.014 0.005
3049.75264 15.406 0.006
3051.67224 15.097 0.006
3053.64741 15.690 0.007
3055.66464 15.528 0.007
3057.71505 15.341 0.006
3059.68851 15.025 0.005
3062.59050 15.101 0.005
3066.67907 15.556 0.007
3069.67456 15.609 0.007
3071.60806 15.420 0.007
3074.62335 15.495 0.007
3077.52321 15.553 0.007
3081.51434 15.024 0.006
3083.62558 15.663 0.007
3086.59228 15.599 0.007
3088.65461 15.593 0.007
3091.66135 15.640 0.007
3097.58415 15.476 0.007
3100.61979 15.030 0.006
3103.62886 15.171 0.007
3107.59577 15.569 0.007
3110.61171 15.610 0.007
3114.57003 15.179 0.006
3129.56520 15.590 0.007
3146.50046 15.642 0.007
3244.92259 15.143 0.006
3250.90093 15.179 0.005
3261.82681 15.199 0.006
3272.79132 15.220 0.006
3275.74368 15.323 0.007
3279.88257 15.664 0.007
3283.74559 15.237 0.005
3288.78843 15.047 0.005
3297.88280 15.412 0.006
3300.74747 15.435 0.006
3302.82751 15.237 0.006
3305.85299 15.353 0.006
3307.87792 15.050 0.007
3310.70449 15.104 0.006
3314.85154 15.566 0.007
3321.81537 15.198 0.005
3324.74968 15.274 0.006
3329.65599 15.028 0.005
3335.72815 15.312 0.006
3340.74881 15.119 0.005
3354.81259 15.320 0.005
3357.85268 15.412 0.006
3360.81225 15.470 0.006
3366.80913 15.585 0.007
3376.83667 15.380 0.006
3378.85984 15.093 0.006
3385.63293 15.548 0.006
3388.80374 15.619 0.007
3394.79748 15.366 0.006
3396.80404 15.585 0.007
3402.77816 15.647 0.006
3405.57331 15.588 0.006
3413.63691 15.645 0.007
3418.59161 15.576 0.006
3426.58577 15.553 0.007
3433.50830 15.161 0.005
3439.55328 15.389 0.006
3449.51171 15.010 0.005
3459.49690 15.592 0.006
3607.89500 15.106 0.005
3625.90628 15.617 0.006
3630.90114 15.517 0.006
3638.85270 15.456 0.006
3640.90227 15.231 0.006
3652.80856 15.536 0.006
3655.84578 15.607 0.006
3659.82954 15.177 0.005
3663.79308 15.560 0.007
3669.86330 15.680 0.007
3670.86996 15.243 0.006
3673.77490 15.308 0.006
3681.83626 15.257 0.006
3686.73383 15.006 0.005
3692.80034 15.281 0.006
3694.70921 15.342 0.006
3696.83034 15.628 0.006
3699.84293 15.668 0.006
3702.70371 15.614 0.006
3704.80068 15.570 0.006
3711.78038 15.233 0.005
3714.66536 15.301 0.006
3717.84678 15.433 0.006
3726.82317 15.628 0.006
3730.81962 15.212 0.005
3733.78547 15.309 0.006
3735.82828 15.024 0.005
3738.80093 15.133 0.005
3740.86467 15.636 0.006
3743.82250 15.216 0.006
3746.84097 15.042 0.005
3750.84197 15.532 0.007
3753.77604 15.567 0.006
3757.75005 15.065 0.005
3762.81053 15.484 0.006
3767.62642 15.604 0.007
3771.72104 15.231 0.005
3774.71310 15.331 0.006
3777.70269 15.407 0.006
3780.62745 15.447 0.006
3784.60512 15.510 0.006
3789.57144 15.624 0.006
3795.57347 15.367 0.006
3802.57177 15.487 0.007
3814.49921 15.609 0.007
3960.92183 15.553 0.006
3975.82772 15.045 0.005
3986.79635 15.074 0.006
3994.84494 15.016 0.005
4003.82393 15.351 0.005
4006.87911 15.444 0.006
4009.81297 15.496 0.006
4016.79635 15.074 0.005
4020.80170 15.512 0.006
4025.76903 15.391 0.006
4027.80497 15.126 0.005
4030.75237 15.237 0.006
4036.81168 15.432 0.006
4039.78224 15.492 0.006
4041.85824 15.307 0.005
4045.76324 15.604 0.007
4047.77137 15.441 0.006
4050.69628 15.500 0.006
4053.66816 15.556 0.006
4055.61717 15.367 0.007
4057.82691 15.154 0.006
4061.65436 15.519 0.006
4065.82387 15.051 0.005
4068.79199 15.179 0.005
4070.83675 15.569 0.006
4075.67062 15.589 0.006
4078.84345 15.666 0.007
4082.77468 15.314 0.006
4084.84462 15.030 0.005
4087.71401 15.095 0.005
4096.70633 15.413 0.006
4104.67648 15.348 0.006
4106.73642 15.069 0.005
4113.80174 15.593 0.006
4122.77513 15.268 0.005
4128.70675 15.147 0.005
4149.66765 15.667 0.007
4158.58086 15.082 0.006
4170.53855 15.467 0.007
4344.89084 15.421 0.007
4349.82809 15.266 0.007
4354.87245 15.073 0.006
4365.89091 15.138 0.006
4369.86244 15.540 0.007
4373.87762 15.040 0.006
4378.83499 15.623 0.007
4382.79136 15.357 0.007
4387.79321 15.187 0.006
4391.79900 15.569 0.007
4396.83125 15.467 0.007
4400.83916 15.336 0.007
4408.85077 15.620 0.007
4415.80680 15.438 0.006
4424.71424 15.617 0.007
4428.73567 15.209 0.007
4431.68973 15.302 0.007
4434.68894 15.395 0.006
4437.80688 15.494 0.007
4440.83483 15.573 0.007
4444.77928 15.059 0.006
4450.80748 15.315 0.007
4452.83849 15.014 0.006
4455.84924 15.135 0.006
4458.85629 15.254 0.006
4463.85116 15.037 0.006
4466.79078 15.162 0.006
4469.81523 15.280 0.007
4472.81063 15.372 0.006
4480.82966 15.323 0.006
4484.84636 15.645 0.006
4488.79606 15.228 0.007
4492.78617 15.593 0.007
4497.68449 15.462 0.006
4501.59521 15.572 0.007
4506.68928 15.649 0.007
4508.73598 15.493 0.007
4518.75952 15.227 0.007
4522.61132 15.572 0.007
4525.59340 15.606 0.007
4531.68075 15.405 0.006
4535.67231 15.425 0.007
4539.64717 15.659 0.007
4542.64821 15.211 0.006
