 457.65105 14.573 0.005
 457.70969 14.578 0.005
 457.82696 14.593 0.005
 458.68351 14.661 0.005
 459.64682 14.746 0.005
 459.85248 14.764 0.005
 461.65542 14.703 0.005
 461.78361 14.675 0.005
 462.61218 14.548 0.005
 466.85092 14.758 0.005
 469.78875 14.684 0.005
 470.80664 14.788 0.005
 472.82456 14.613 0.005
 475.58509 14.720 0.005
 477.80266 14.715 0.005
 478.80834 14.550 0.005
 479.80860 14.624 0.005
 480.64507 14.685 0.005
 481.54290 14.776 0.005
 482.83557 14.821 0.005
 483.54104 14.633 0.005
 484.53922 14.568 0.005
 485.54380 14.652 0.005
 486.53596 14.730 0.005
 487.56333 14.845 0.005
 488.57572 14.721 0.005
 489.53576 14.551 0.005
 490.54444 14.620 0.005
 491.54602 14.699 0.005
 492.53117 14.803 0.005
 493.53429 14.845 0.005
 494.52926 14.578 0.005
 494.78874 14.552 0.005
 495.53133 14.577 0.005
 496.52653 14.659 0.005
 496.74289 14.683 0.005
 498.52585 14.850 0.005
 499.78826 14.620 0.005
 500.78574 14.577 0.005
 501.55030 14.631 0.005
 507.53646 14.683 0.005
 508.57910 14.789 0.005
 509.53365 14.859 0.005
 510.56435 14.619 0.005
 510.72957 14.590 0.005
 511.62898 14.593 0.005
 512.56331 14.659 0.005
 513.54743 14.753 0.005
 513.65923 14.739 0.005
 514.52707 14.846 0.005
 514.62253 14.850 0.005
 515.52370 14.726 0.005
 516.52723 14.551 0.005
 517.52675 14.614 0.005
 518.56362 14.699 0.005
 519.51665 14.791 0.005
 519.66620 14.804 0.005
 519.74401 14.821 0.005
 520.68288 14.806 0.005
 521.51881 14.579 0.005
 521.65636 14.565 0.005
 521.72012 14.576 0.005
 523.52414 14.656 0.005
 524.50954 14.745 0.005
 524.54962 14.750 0.005
 526.60869 14.644 0.005
 527.50770 14.543 0.005
 528.56754 14.640 0.005
 530.54747 14.827 0.005
 530.64504 14.836 0.005
 531.61950 14.759 0.005
 532.50911 14.561 0.005
 533.63407 14.619 0.005
 536.67083 14.842 0.005
 540.50900 14.738 0.005
 552.62075 14.877 0.005
 554.53517 14.555 0.005
 558.52821 14.785 0.005
 560.55056 14.615 0.005
 561.49105 14.679 0.005
 562.48313 14.778 0.005
 564.49202 14.624 0.005
 573.48324 14.801 0.005
 673.83784 14.577 0.005
 689.86411 14.586 0.005
 699.81017 14.548 0.005
 701.80742 14.688 0.005
 704.84923 14.610 0.005
 706.79556 14.659 0.005
 707.84888 14.738 0.005
 715.81478 14.569 0.005
 720.79489 14.684 0.005
 722.82534 14.630 0.005
 726.78337 14.556 0.005
 728.82309 14.683 0.005
 729.87793 14.788 0.005
 733.77880 14.659 0.005
 741.87357 14.815 0.005
 744.87906 14.681 0.005
 745.72075 14.757 0.005
 747.78775 14.664 0.005
 748.74186 14.563 0.005
 751.72508 14.817 0.005
 755.68533 14.677 0.005
 759.79846 14.572 0.005
 760.77491 14.654 0.005
 761.85984 14.743 0.005
 765.80147 14.615 0.005
 769.79225 14.560 0.005
 774.79880 14.658 0.005
 778.78215 14.820 0.005
 780.85295 14.543 0.005
 781.78698 14.598 0.005
 788.79804 14.741 0.005
 789.75449 14.839 0.005
 795.85621 14.813 0.005
 796.85689 14.553 0.005
 797.85439 14.590 0.005
 798.85146 14.678 0.005
 805.77679 14.830 0.005
 816.71913 14.842 0.005
 817.82538 14.693 0.005
 822.78350 14.831 0.005
 825.74280 14.676 0.005
 827.65326 14.855 0.005
 828.83783 14.636 0.005
 829.67233 14.562 0.005
 830.80373 14.639 0.005
 831.64895 14.708 0.005
 832.72513 14.819 0.005
 833.65794 14.802 0.005
 834.77227 14.541 0.005
 837.81727 14.781 0.005
 839.60409 14.654 0.005
 841.82606 14.662 0.005
 842.79124 14.746 0.005
 844.65929 14.735 0.005
 850.68031 14.579 0.005
 854.74107 14.858 0.005
 856.73238 14.564 0.005
 858.61367 14.711 0.005
 880.51242 14.733 0.005
 887.59267 14.808 0.005
 897.49771 14.832 0.005
 931.52205 14.611 0.005
1065.91406 14.733 0.005
1068.80545 14.686 0.005
1069.79966 14.784 0.005
1071.79850 14.612 0.005
1077.82501 14.553 0.005
1083.77420 14.584 0.005
1088.84304 14.565 0.005
1102.76739 14.856 0.005
1112.80593 14.765 0.005
1116.78217 14.648 0.005
1126.68194 14.566 0.005
1129.72909 14.851 0.005
1136.81260 14.569 0.005
1175.84604 14.623 0.005
1183.73482 14.849 0.005
1196.62136 14.561 0.005
1204.74168 14.782 0.005
1207.63450 14.571 0.005
1211.71484 14.700 0.005
1214.60799 14.695 0.005
1217.66138 14.566 0.005
1219.71720 14.681 0.005
1223.58548 14.551 0.005
1226.67819 14.852 0.005
1228.65198 14.549 0.005
1231.59344 14.778 0.005
1234.67094 14.572 0.005
1236.66181 14.732 0.005
1239.69165 14.544 0.005
1241.70823 14.709 0.005
1243.51520 14.851 0.005
1245.59992 14.588 0.005
1247.69936 14.768 0.005
1248.66706 14.859 0.005
1254.51854 14.813 0.005
1259.51092 14.859 0.005
1264.50512 14.833 0.005
1267.52430 14.612 0.005
1273.53047 14.664 0.005
1275.50948 14.846 0.005
1278.54200 14.631 0.005
1290.61650 14.730 0.005
1298.52805 14.583 0.005
1301.53333 14.759 0.005
1306.47462 14.709 0.005
1312.46754 14.766 0.005
1316.48291 14.653 0.005
1319.52349 14.725 0.005
1320.46350 14.562 0.005
1330.46055 14.692 0.005
1331.46332 14.551 0.005
1331.51074 14.551 0.005
1332.45875 14.625 0.005
1333.46434 14.705 0.005
1335.46071 14.818 0.005
1336.46011 14.553 0.005
1336.47623 14.559 0.005
1336.48427 14.561 0.005
1338.48198 14.685 0.005
1338.48992 14.685 0.005
1339.45734 14.757 0.005
1339.46727 14.769 0.005
1340.45546 14.865 0.005
1340.48008 14.851 0.005
1342.46007 14.569 0.005
1343.47601 14.633 0.005
1348.46251 14.618 0.005
1350.46498 14.789 0.005
1360.94449 14.765 0.005
1365.94426 14.717 0.005
1375.93470 14.655 0.005
1395.90997 14.554 0.005
1400.89582 14.617 0.005
1415.91553 14.872 0.005
1430.87030 14.739 0.005
1432.86751 14.724 0.006
1433.90484 14.552 0.005
1435.77150 14.696 0.005
1437.76519 14.851 0.005
1440.81168 14.671 0.005
1448.77796 14.803 0.005
1454.79752 14.641 0.005
1458.81357 14.847 0.006
1462.75237 14.700 0.005
1470.79270 14.680 0.005
1484.73348 14.725 0.005
1487.75916 14.554 0.005
1491.68729 14.849 0.005
1493.83920 14.589 0.005
1494.73277 14.665 0.005
1499.69644 14.638 0.005
1507.80333 14.861 0.005
1514.84964 14.559 0.005
1515.70376 14.606 0.005
1523.64152 14.856 0.005
1527.73824 14.715 0.005
1528.81736 14.831 0.005
1529.68152 14.812 0.005
1531.79889 14.599 0.005
1538.75515 14.728 0.005
1542.67902 14.610 0.005
1544.72166 14.791 0.005
1547.79400 14.593 0.005
1548.77173 14.671 0.005
1549.79046 14.754 0.005
1552.68958 14.563 0.005
1553.76527 14.635 0.005
1554.78048 14.722 0.005
1555.76749 14.821 0.005
1561.56063 14.857 0.005
1562.76685 14.624 0.005
1567.61326 14.774 0.005
1570.58040 14.681 0.005
1573.62069 14.618 0.005
1576.60603 14.743 0.005
1579.66898 14.548 0.005
1581.72067 14.714 0.005
1583.71955 14.801 0.005
1585.65466 14.598 0.005
1588.60482 14.862 0.005
1591.68255 14.641 0.005
1593.60151 14.831 0.005
1595.70691 14.545 0.005
1599.67917 14.839 0.005
1600.69271 14.576 0.005
1604.54336 14.845 0.005
1606.51810 14.550 0.005
1609.61871 14.805 0.005
1610.58157 14.823 0.005
1611.65220 14.561 0.005
1613.55817 14.672 0.005
1615.50443 14.866 0.005
1617.50388 14.552 0.005
1619.52642 14.716 0.005
1621.49898 14.792 0.005
1623.49742 14.597 0.005
1625.49939 14.772 0.005
1627.49953 14.631 0.005
1629.54445 14.654 0.005
1630.55329 14.735 0.005
1632.49981 14.721 0.005
1634.53990 14.622 0.005
1635.61140 14.703 0.005
1645.48852 14.634 0.005
1650.54671 14.615 0.005
1653.54414 14.863 0.005
1655.51785 14.571 0.005
1657.50922 14.726 0.005
1660.53441 14.555 0.005
1662.48532 14.700 0.005
1664.50012 14.829 0.005
1667.55388 14.668 0.005
1671.48325 14.559 0.005
1676.48798 14.549 0.005
1690.49195 14.797 0.005
1771.87192 14.843 0.005
1773.89476 14.545 0.005
1789.89642 14.550 0.005
1790.85841 14.608 0.005
1803.88789 14.812 0.005
1809.81397 14.865 0.005
1812.83720 14.658 0.005
1814.85208 14.829 0.005
1818.84498 14.689 0.005
1822.83734 14.584 0.005
1828.86250 14.630 0.005
1829.83375 14.709 0.005
1830.84720 14.820 0.005
1834.88614 14.680 0.005
1846.81266 14.781 0.005
1846.86365 14.792 0.005
1850.79328 14.664 0.005
1851.86860 14.756 0.005
1855.83540 14.625 0.005
1859.76137 14.571 0.005
1863.74317 14.859 0.005
1867.76675 14.732 0.005
1869.74014 14.792 0.005
1871.85467 14.610 0.005
1873.81435 14.789 0.005
2167.84210 14.555 0.005
2173.84945 14.589 0.005
2190.78721 14.651 0.005
2192.82172 14.855 0.005
2214.78907 14.853 0.005
2224.74585 14.804 0.005
2226.84999 14.547 0.005
2229.66192 14.747 0.005
2230.80065 14.868 0.005
2232.82048 14.568 0.005
2234.81490 14.732 0.005
2239.59986 14.679 0.005
2241.66140 14.855 0.005
2243.71999 14.573 0.005
2248.79660 14.554 0.005
2250.84628 14.711 0.005
2252.65163 14.832 0.005
2254.64255 14.585 0.005
2257.64643 14.859 0.005
2261.76077 14.728 0.005
2264.75109 14.541 0.005
2266.64408 14.685 0.005
2270.64019 14.573 0.005
2271.79100 14.656 0.005
2273.72748 14.840 0.005
2275.82790 14.554 0.005
2277.64954 14.698 0.005
2279.82189 14.794 0.005
2281.80872 14.596 0.005
2283.84294 14.773 0.005
2288.74907 14.725 0.005
2290.78746 14.728 0.005
2292.76398 14.614 0.005
2294.73902 14.793 0.005
2296.74943 14.591 0.005
2298.76883 14.679 0.005
2300.72186 14.849 0.006
2302.69966 14.555 0.005
2304.74400 14.710 0.005
2321.67232 14.784 0.005
2327.55888 14.831 0.005
2333.56807 14.838 0.006
2339.54453 14.677 0.006
2395.51674 14.624 0.005
2526.90888 14.803 0.005
2542.88757 14.766 0.005
2552.83892 14.696 0.005
2556.83044 14.580 0.005
2559.88101 14.865 0.005
2564.84693 14.824 0.005
2573.84610 14.640 0.005
2578.77042 14.608 0.005
2583.82488 14.590 0.005
2589.85777 14.642 0.005
2596.74113 14.774 0.005
2605.74414 14.611 0.005
2609.74038 14.598 0.005
2614.70651 14.684 0.005
2618.73078 14.806 0.005
2621.64019 14.586 0.005
2623.82197 14.781 0.005
2627.68528 14.641 0.005
2629.70831 14.830 0.006
2634.76299 14.797 0.005
2635.68212 14.845 0.005
2638.65320 14.654 0.005
2639.65332 14.752 0.005
2641.72112 14.687 0.005
2643.72981 14.641 0.005
2645.71734 14.822 0.005
2647.67514 14.567 0.005
2650.83682 14.784 0.005
2652.73791 14.632 0.005
2654.67274 14.642 0.005
2656.64568 14.822 0.005
2658.60869 14.551 0.005
2660.62612 14.694 0.005
2662.60897 14.856 0.005
2664.61653 14.581 0.005
2666.67473 14.756 0.005
2668.66349 14.692 0.005
2670.62961 14.633 0.005
2672.73889 14.832 0.005
2674.63727 14.568 0.005
2676.62384 14.680 0.005
2678.71152 14.863 0.005
2680.62219 14.568 0.005
2682.67330 14.736 0.005
2687.54583 14.692 0.005
2696.53896 14.553 0.005
2701.52111 14.582 0.005
2707.51852 14.564 0.005
2714.51745 14.682 0.006
2840.90657 14.811 0.006
2867.91898 14.799 0.005
2888.91302 14.852 0.005
2894.84807 14.824 0.005
2899.84965 14.854 0.005
2905.83865 14.762 0.006
2908.89970 14.693 0.005
2911.79798 14.612 0.005
2916.84818 14.699 0.005
2922.83204 14.569 0.005
2926.75945 14.857 0.005
2930.83318 14.723 0.005
2933.87759 14.556 0.005
2940.71514 14.655 0.005
2947.72904 14.791 0.005
2949.81919 14.570 0.005
2953.68594 14.853 0.005
2956.71174 14.638 0.005
2958.73804 14.827 0.005
2962.74989 14.690 0.005
2965.76931 14.611 0.005
2968.71288 14.737 0.005
2973.85293 14.708 0.005
2975.84208 14.808 0.005
2976.83737 14.558 0.005
2978.85698 14.680 0.005
2982.68907 14.569 0.005
2984.73662 14.720 0.005
2986.81922 14.740 0.005
2988.78381 14.600 0.005
2989.80697 14.697 0.005
2991.64013 14.853 0.006
2993.62755 14.566 0.005
2995.72784 14.737 0.005
2997.70612 14.717 0.005
2999.72874 14.623 0.005
3001.76499 14.802 0.005
3003.73565 14.568 0.005
3005.64092 14.664 0.005
3007.67400 14.857 0.005
3009.74028 14.562 0.005
3011.71598 14.727 0.005
3013.72044 14.769 0.005
3017.72191 14.774 0.005
3019.64987 14.635 0.005
3021.76865 14.661 0.005
3023.63044 14.829 0.005
3024.83157 14.689 0.005
3026.82826 14.630 0.005
3029.63259 14.849 0.005
3031.70257 14.582 0.005
3033.76606 14.762 0.005
3035.77311 14.653 0.005
3038.75060 14.722 0.005
3040.72125 14.770 0.005
3044.59906 14.769 0.005
3045.68806 14.850 0.005
3047.64177 14.570 0.005
3049.64749 14.731 0.005
3051.61569 14.734 0.005
3055.60914 14.793 0.005
3057.63462 14.577 0.005
3059.57848 14.662 0.005
3061.57152 14.847 0.006
3068.51288 14.565 0.005
3070.56855 14.673 0.005
3073.56925 14.653 0.005
3075.68223 14.665 0.005
3078.61422 14.730 0.005
3082.59175 14.794 0.005
3084.66878 14.578 0.005
3087.63148 14.756 0.005
3090.59487 14.563 0.005
3099.58291 14.865 0.005
3102.56167 14.658 0.005
3105.59440 14.732 0.005
3108.57235 14.697 0.005
3112.54964 14.578 0.005
3116.53102 14.692 0.005
3127.49841 14.655 0.005
3140.48705 14.672 0.005
3223.88727 14.846 0.006
3241.87350 14.580 0.005
3248.83692 14.694 0.005
3257.86477 14.560 0.005
3263.91076 14.605 0.005
3270.85373 14.726 0.005
3273.90175 14.547 0.005
3277.83778 14.844 0.005
3281.88153 14.763 0.005
3287.74260 14.796 0.005
3295.69485 14.557 0.005
3297.69338 14.717 0.005
3299.75787 14.753 0.005
3301.75536 14.613 0.005
3304.81127 14.839 0.005
3307.68612 14.654 0.005
3309.72150 14.838 0.005
3311.71936 14.553 0.005
3320.76215 14.850 0.005
3323.69696 14.632 0.005
3327.73371 14.537 0.005
3330.69256 14.788 0.005
3334.79180 14.663 0.005
3338.83828 14.553 0.005
3340.85336 14.720 0.005
3354.71821 14.548 0.005
3358.79979 14.831 0.005
3361.83197 14.666 0.005
3365.73437 14.550 0.005
3372.75069 14.679 0.005
3378.66340 14.727 0.005
3387.64997 14.566 0.005
3391.73111 14.683 0.005
3394.74267 14.701 0.005
3396.62266 14.829 0.005
3399.69990 14.669 0.005
3403.68717 14.565 0.005
3408.59659 14.547 0.005
3412.64180 14.849 0.005
3417.56923 14.837 0.005
3425.57748 14.586 0.005
3431.53918 14.628 0.005
3437.54096 14.675 0.005
3445.56090 14.721 0.005
3460.49461 14.801 0.005
3477.48933 14.834 0.005
3583.93144 14.739 0.005
3593.92968 14.682 0.005
3601.86664 14.784 0.005
3618.90071 14.566 0.005
3629.88196 14.546 0.005
3634.84854 14.613 0.005
3639.84187 14.719 0.005
3644.79665 14.845 0.005
3650.88549 14.651 0.005
3654.78641 14.815 0.005
3657.86697 14.619 0.005
3660.80143 14.865 0.005
3664.83652 14.745 0.005
3668.79446 14.625 0.005
3672.78267 14.594 0.005
3675.86234 14.767 0.005
3684.77048 14.601 0.005
3687.77612 14.852 0.005
3690.69598 14.659 0.005
3693.72995 14.741 0.005
3695.75148 14.629 0.005
3698.74425 14.843 0.005
3700.77308 14.595 0.005
3702.86072 14.767 0.005
3705.76750 14.566 0.005
3708.72607 14.827 0.005
3712.71295 14.686 0.005
3714.72330 14.858 0.005
3717.63939 14.639 0.005
3719.81657 14.851 0.005
3725.81046 14.833 0.006
3727.78288 14.583 0.005
3730.67829 14.845 0.005
3732.70303 14.557 0.005
3734.80107 14.720 0.005
3736.81733 14.769 0.005
3737.70570 14.563 0.005
3739.80479 14.691 0.005
3742.69068 14.642 0.005
3745.76633 14.732 0.005
3747.76899 14.719 0.005
3749.66076 14.619 0.005
3750.74573 14.703 0.005
3752.75643 14.829 0.005
3754.77416 14.593 0.005
3756.59767 14.738 0.005
3758.77055 14.670 0.005
3761.78296 14.724 0.005
3764.73741 14.550 0.005
3767.59723 14.760 0.005
3770.61494 14.569 0.005
3773.61777 14.833 0.005
3776.61720 14.613 0.005
3779.60676 14.858 0.005
3782.65747 14.665 0.005
3787.58245 14.624 0.005
3792.53421 14.600 0.005
3809.52346 14.653 0.005
3822.50926 14.865 0.005
3946.90560 14.851 0.005
3964.86237 14.571 0.005
3969.88648 14.564 0.005
3981.86125 14.620 0.005
3989.88827 14.867 0.005
4001.86497 14.599 0.005
4005.84259 14.845 0.005
4007.84679 14.551 0.005
4011.84705 14.826 0.005
4018.83862 14.571 0.005
4023.87075 14.546 0.005
4026.77922 14.787 0.005
4029.72048 14.600 0.005
4031.80082 14.743 0.005
4038.70991 14.845 0.005
4041.67106 14.670 0.005
4043.67543 14.852 0.005
4046.76752 14.646 0.005
4048.85704 14.825 0.005
4052.69997 14.694 0.005
4054.68692 14.866 0.005
4056.74396 14.574 0.005
4058.77708 14.734 0.005
4063.67583 14.706 0.005
4066.73310 14.583 0.005
4068.82062 14.679 0.005
4070.66307 14.863 0.005
4073.82244 14.660 0.005
4076.79057 14.767 0.005
4079.75295 14.685 0.005
4083.66974 14.575 0.005
4085.73526 14.744 0.005
4092.85371 14.784 0.005
4102.83024 14.834 0.005
4105.68915 14.610 0.005
4109.76230 14.607 0.005
4113.71803 14.842 0.005
4120.74843 14.571 0.005
4122.70488 14.674 0.005
4125.75611 14.657 0.005
4131.60945 14.562 0.005
4142.64609 14.562 0.005
4156.53278 14.808 0.005
4166.57400 14.736 0.005
4196.52349 14.557 0.005
4340.88883 14.841 0.005
4341.89938 14.581 0.005
4343.81836 14.667 0.005
4344.87322 14.748 0.005
4345.91179 14.868 0.006
4346.84073 14.699 0.006
4347.84928 14.556 0.005
4348.84243 14.624 0.005
4349.84267 14.704 0.005
4350.92002 14.822 0.006
4353.90325 14.610 0.005
4354.88699 14.678 0.005
4357.89321 14.634 0.005
4358.89322 14.578 0.005
4361.85470 14.845 0.006
4362.80921 14.753 0.005
4363.87230 14.566 0.005
4366.83629 14.798 0.006
4367.77387 14.851 0.006
4368.88753 14.585 0.005
4369.80950 14.590 0.005
4370.81063 14.671 0.005
4371.85578 14.755 0.005
4373.78127 14.702 0.005
4377.79163 14.811 0.005
4380.80812 14.600 0.005
4386.78375 14.649 0.005
4390.74574 14.559 0.005
4393.85983 14.803 0.005
4398.87111 14.768 0.005
4403.87805 14.727 0.006
4411.86956 14.622 0.005
4418.79071 14.622 0.005
4422.85678 14.576 0.005
4426.73512 14.856 0.005
4429.84110 14.639 0.005
4432.72195 14.825 0.005
4436.76134 14.771 0.005
4439.82691 14.577 0.005
4440.86315 14.641 0.007
4441.65288 14.724 0.005
4442.67487 14.831 0.005
4443.65039 14.789 0.006
4444.82951 14.555 0.005
4448.69507 14.853 0.006
4449.74257 14.597 0.005
4450.70540 14.591 0.005
4451.64044 14.657 0.005
4451.78230 14.667 0.005
4452.85345 14.756 0.005
4453.62932 14.844 0.005
4454.65323 14.718 0.005
4454.81614 14.657 0.005
4455.63979 14.555 0.005
4455.77685 14.562 0.005
4456.72045 14.635 0.005
4456.81069 14.634 0.005
4456.85814 14.640 0.005
4457.69528 14.704 0.005
4457.84503 14.723 0.005
4458.61771 14.796 0.005
4459.60194 14.847 0.005
4459.74640 14.806 0.005
4459.80854 14.786 0.005
4461.57252 14.590 0.005
4462.63270 14.683 0.005
4462.78237 14.684 0.005
4463.62613 14.765 0.005
4464.62379 14.862 0.005
4464.76580 14.856 0.005
4465.64302 14.671 0.005
4466.63614 14.571 0.005
4466.73635 14.571 0.005
4467.60362 14.641 0.005
4467.67235 14.645 0.005
4468.63641 14.704 0.005
4469.62083 14.819 0.005
4470.60860 14.785 0.005
4470.79863 14.721 0.005
4471.59865 14.546 0.005
4471.76477 14.549 0.005
4472.59938 14.592 0.005
4472.77208 14.617 0.005
4473.68604 14.690 0.005
4477.74419 14.585 0.005
4481.68174 14.703 0.005
4485.72982 14.820 0.005
4489.71331 14.687 0.005
4493.70314 14.575 0.005
4498.67964 14.558 0.005
4501.67697 14.795 0.005
4506.61091 14.746 0.005
4508.62813 14.714 0.005
4510.70133 14.641 0.005
4521.61145 14.651 0.005
4523.62728 14.837 0.005
4525.54669 14.565 0.005
4531.56873 14.576 0.005
4533.57108 14.730 0.005
4537.62112 14.626 0.005
4539.54008 14.807 0.005
4541.59235 14.579 0.005
