 726.85897 14.851 0.006
 729.75437 15.119 0.006
 741.80701 14.853 0.006
 744.80174 15.043 0.006
 746.82250 14.850 0.006
 747.76663 14.952 0.006
 748.72422 15.079 0.006
 749.85831 14.993 0.006
 750.83498 14.758 0.006
 751.83269 14.867 0.006
 754.78322 15.003 0.006
 759.69241 15.036 0.006
 761.84244 14.873 0.006
 766.85641 14.876 0.006
 769.81573 14.927 0.006
 776.80378 14.885 0.006
 778.83291 15.141 0.007
 780.81262 14.780 0.006
 782.79219 14.996 0.006
 789.82456 14.865 0.006
 792.73106 14.990 0.006
 795.81645 14.808 0.006
 796.77061 14.895 0.006
 798.83529 15.151 0.006
 817.73940 15.024 0.006
 824.75775 14.771 0.006
 826.72243 14.923 0.006
 827.72283 15.032 0.006
 828.71277 15.167 0.006
 830.78822 14.832 0.006
 831.57899 14.910 0.007
 832.56173 15.017 0.006
 833.55055 15.158 0.007
 834.68715 14.764 0.006
 834.81933 14.746 0.006
 835.67816 14.822 0.006
 837.69837 15.047 0.006
 838.74642 15.145 0.007
 839.69685 14.757 0.006
 841.73938 14.939 0.006
 842.77551 15.050 0.006
 843.81272 15.121 0.006
 844.55528 14.780 0.007
 846.80288 14.948 0.006
 850.79346 14.853 0.006
 855.69079 14.836 0.007
 856.76379 14.955 0.006
 857.76151 15.089 0.006
 858.74809 15.104 0.006
 859.79132 14.756 0.006
 860.63739 14.834 0.006
 874.60953 14.759 0.006
 876.63690 14.948 0.006
 876.73903 14.951 0.006
 878.64419 15.068 0.006
 880.66066 14.857 0.006
 885.57233 14.841 0.006
 887.70517 15.101 0.006
 890.72865 14.857 0.006
 891.56397 14.957 0.006
 892.52842 15.079 0.006
 893.69447 14.962 0.006
 896.54418 14.950 0.006
 900.59783 14.861 0.006
 919.59892 14.781 0.006
 925.60685 14.883 0.006
 934.55838 14.784 0.006
 937.57534 15.143 0.007
 950.55211 14.896 0.006
 952.54285 15.159 0.006
 953.52351 14.826 0.006
 963.50583 14.804 0.006
1074.85582 14.940 0.006
1076.83747 15.121 0.006
1080.79605 15.062 0.006
1083.85926 14.838 0.006
1084.85528 14.947 0.006
1086.88012 15.079 0.006
1090.76057 15.054 0.006
1092.77755 14.751 0.006
1093.81946 14.847 0.006
1106.80357 15.036 0.006
1108.82221 14.861 0.006
1114.83052 14.977 0.006
1120.77828 15.105 0.006
1126.79927 14.945 0.006
1129.86146 15.004 0.006
1132.85709 14.790 0.006
1135.80651 15.142 0.006
1140.85564 15.145 0.006
1142.80720 14.798 0.006
1152.76497 14.787 0.006
1154.79011 15.014 0.006
1156.75503 14.869 0.006
1158.82367 14.905 0.006
1160.82099 15.163 0.006
1164.80303 15.027 0.006
1165.84871 15.161 0.006
1167.77197 14.810 0.006
1168.73135 14.906 0.006
1171.77312 14.798 0.006
1175.77227 15.154 0.006
1179.82254 15.030 0.006
1181.78350 14.763 0.006
1184.72989 15.023 0.006
1187.72141 14.819 0.006
1188.73523 14.918 0.006
1189.78428 15.046 0.006
1191.79853 14.746 0.006
1192.80691 14.824 0.006
1193.84638 14.931 0.006
1194.72195 15.034 0.006
1201.81036 14.738 0.006
1202.81950 14.831 0.006
1204.72591 15.050 0.006
1206.82603 14.739 0.006
1207.73678 14.828 0.006
1208.79985 14.946 0.006
1212.79749 14.835 0.006
1214.70854 15.061 0.006
1215.61322 15.139 0.006
1216.72215 14.737 0.006
1217.77147 14.837 0.006
1218.74649 14.938 0.006
1219.68582 15.061 0.006
1220.79316 15.052 0.006
1221.65925 14.738 0.006
1223.74821 14.939 0.006
1226.63826 14.741 0.006
1227.64310 14.832 0.006
1230.70997 15.050 0.006
1232.74909 14.862 0.006
1235.64357 15.079 0.006
1238.61513 14.941 0.006
1242.60849 14.849 0.006
1243.70622 14.955 0.006
1245.68304 14.990 0.006
1248.56136 14.951 0.006
1251.55926 14.754 0.006
1255.56847 15.017 0.007
1256.60974 14.758 0.006
1258.64506 14.972 0.006
1259.65271 15.118 0.006
1261.60677 14.767 0.006
1266.53937 14.764 0.006
1267.59399 14.878 0.006
1268.60733 14.982 0.006
1274.61054 15.129 0.007
1277.59541 14.888 0.006
1279.58066 15.136 0.006
1289.49254 15.127 0.007
1290.56203 14.899 0.006
1298.49150 14.991 0.006
1301.56574 14.793 0.006
1305.59443 14.824 0.006
1312.57113 14.916 0.006
1317.50415 14.904 0.006
1319.55558 15.165 0.006
1327.49613 14.892 0.010
1329.48325 15.150 0.007
1330.54784 14.758 0.006
1335.50069 14.760 0.006
1431.89944 14.935 0.006
1433.89642 15.113 0.006
1436.81397 14.929 0.006
1439.90521 14.756 0.006
1443.84538 15.089 0.007
1447.85765 15.075 0.007
1454.86399 14.757 0.006
1459.83101 14.763 0.006
1461.86905 14.960 0.006
1462.85942 15.105 0.007
1471.85544 14.966 0.006
1476.74808 14.955 0.006
1478.82577 14.950 0.006
1481.86418 14.980 0.006
1484.81395 14.770 0.006
1488.84624 14.917 0.006
1492.68479 15.101 0.006
1494.83033 14.783 0.006
1496.71300 14.972 0.006
1498.73474 14.915 0.006
1502.73080 15.129 0.007
1505.76552 14.879 0.006
1507.76651 15.132 0.006
1508.66877 14.911 0.006
1509.83504 14.789 0.006
1511.68822 14.981 0.006
1514.73636 14.791 0.006
1516.70581 14.994 0.006
1518.67779 14.866 0.006
1520.70336 14.889 0.006
1522.78359 15.141 0.006
1523.67662 14.862 0.006
1524.84356 14.810 0.006
1526.68117 15.006 0.006
1527.84747 15.145 0.006
1529.75065 14.796 0.006
1531.85339 15.035 0.006
1542.83420 15.136 0.006
1543.86694 14.743 0.006
1544.77605 14.820 0.006
1548.80891 14.739 0.006
1549.82149 14.822 0.006
1552.74486 15.147 0.006
1553.81980 14.734 0.006
1554.83504 14.829 0.006
1555.82901 14.937 0.006
1562.82104 15.102 0.006
1566.67050 15.045 0.006
1568.69210 14.738 0.006
1571.75679 15.060 0.006
1574.80880 14.848 0.006
1576.66267 15.052 0.006
1578.76297 14.745 0.006
1581.71231 15.070 0.006
1583.75160 14.752 0.006
1585.69769 14.943 0.006
1588.67244 14.752 0.006
1591.63617 15.077 0.007
1595.65193 14.942 0.006
1596.76519 15.109 0.006
1599.75711 14.863 0.006
1600.73466 14.966 0.006
1601.76298 15.118 0.006
1605.53580 14.948 0.006
1606.71118 15.116 0.007
1609.72459 14.877 0.006
1610.74214 14.970 0.006
1611.71949 15.124 0.006
1613.71015 14.781 0.006
1614.70569 14.879 0.006
1615.72014 14.988 0.006
1617.70139 14.934 0.006
1618.69980 14.785 0.006
1620.51756 14.949 0.006
1621.69668 15.126 0.008
1623.68255 14.787 0.006
1625.68696 14.991 0.006
1626.68800 15.135 0.006
1628.67632 14.786 0.006
1630.69556 14.991 0.006
1633.65882 14.785 0.006
1634.65225 14.885 0.006
1635.66593 14.990 0.006
1644.61609 14.895 0.006
1650.60966 14.999 0.007
1653.57562 14.782 0.006
1655.61141 15.013 0.006
1657.60055 14.845 0.006
1659.60421 14.904 0.006
1661.59567 15.140 0.006
1662.59369 14.833 0.006
1665.57570 15.014 0.007
1671.55348 15.146 0.007
1672.57318 14.794 0.006
1684.49541 14.909 0.007
1695.52120 15.030 0.006
1788.89863 14.929 0.006
1812.87655 14.842 0.006
1815.88833 15.003 0.006
1822.76997 14.852 0.006
1830.87828 14.949 0.006
1851.82630 14.775 0.006
1858.75821 14.977 0.006
1861.78591 14.782 0.006
1863.82782 14.994 0.006
1866.77847 14.785 0.006
1868.78289 14.988 0.006
1869.81740 15.129 0.006
1872.80095 14.902 0.006
2193.87175 14.768 0.006
2202.87182 14.906 0.006
2206.78080 15.111 0.006
2215.82470 14.994 0.006
2222.82421 14.874 0.006
2225.70708 14.991 0.006
2227.78214 14.860 0.006
2229.78798 14.891 0.006
2231.75637 15.145 0.006
2237.64400 14.880 0.006
2239.70496 14.897 0.006
2241.79672 15.147 0.006
2244.67634 14.902 0.006
2249.78621 14.917 0.006
2251.69449 15.152 0.006
2252.85491 14.748 0.006
2254.78121 14.919 0.006
2257.80471 14.756 0.006
2260.81210 15.055 0.006
2262.82976 14.740 0.006
2265.80436 15.046 0.006
2269.75439 14.920 0.006
2272.70353 14.742 0.006
2274.69901 14.923 0.006
2276.72331 15.140 0.006
2278.84280 14.828 0.006
2280.66552 15.033 0.006
2282.82687 14.750 0.006
2288.80878 14.838 0.006
2291.84230 15.048 0.006
2296.83740 15.033 0.006
2298.83037 14.856 0.006
2301.76112 15.048 0.006
2303.76043 14.852 0.006
2321.73225 14.966 0.006
2328.60943 14.857 0.006
2335.51928 15.097 0.006
2341.51663 14.999 0.006
2358.50897 14.871 0.006
2391.53562 14.803 0.006
2548.85006 15.124 0.006
2553.81748 15.115 0.006
2557.88233 14.979 0.006
2561.88498 14.878 0.006
2566.78893 14.876 0.006
2574.86412 14.868 0.006
2579.76440 14.885 0.006
2586.80127 14.901 0.006
2591.76550 14.904 0.006
2598.75306 15.153 0.006
2606.78194 14.917 0.006
2610.67985 14.798 0.006
2615.80712 14.822 0.006
2619.64553 14.803 0.006
2622.76559 15.033 0.006
2625.63090 14.820 0.006
2628.62869 15.160 0.006
2630.66563 14.816 0.006
2632.78685 15.058 0.006
2636.73681 14.932 0.006
2638.85392 15.095 0.006
2641.82931 14.943 0.006
2643.82938 15.075 0.006
2645.82860 14.839 0.006
2649.73954 14.752 0.006
2651.78238 14.949 0.006
2653.80981 15.054 0.006
2655.83666 14.856 0.006
2657.82864 15.092 0.006
2658.82086 15.021 0.006
2660.77544 14.849 0.006
2662.74888 15.094 0.006
2664.76535 14.749 0.006
2669.61843 14.738 0.006
2672.61632 15.034 0.006
2674.81854 14.757 0.006
2676.79166 14.968 0.006
2678.83753 14.932 0.006
2680.74587 14.858 0.006
2684.62274 14.763 0.006
2688.60028 14.995 0.006
2693.56193 15.007 0.006
2697.57797 15.105 0.006
2702.58452 15.122 0.006
2709.52998 14.775 0.006
2726.49615 14.980 0.006
2875.90718 15.088 0.006
2885.89780 15.092 0.006
2893.87841 14.854 0.006
2897.89508 14.755 0.006
2908.81577 14.860 0.006
2912.83898 14.766 0.006
2917.84715 14.774 0.006
2923.84987 14.878 0.006
2927.75825 14.782 0.006
2931.83640 14.889 0.006
2934.87128 14.998 0.006
2940.85135 15.147 0.006
2943.85614 14.901 0.006
2947.86455 14.803 0.006
2951.74147 14.861 0.006
2954.80864 15.016 0.006
2956.84696 14.792 0.006
2961.78332 14.802 0.006
2963.83429 14.918 0.006
2964.73172 15.014 0.006
2966.81098 14.762 0.006
2968.77181 14.909 0.006
2971.77505 14.762 0.006
2974.85745 15.042 0.006
2978.68406 14.912 0.006
2980.77834 15.147 0.006
2982.82741 14.823 0.006
2985.73008 15.143 0.006
2987.77773 14.839 0.006
2989.71874 15.044 0.006
2991.79220 14.753 0.006
2993.80187 14.932 0.006
2996.77585 14.744 0.006
2998.78865 14.929 0.006
3000.79972 15.104 0.006
3002.79008 14.832 0.006
3004.81579 15.074 0.006
3006.80235 14.754 0.006
3008.76498 14.941 0.006
3010.83566 15.042 0.006
3013.76139 14.941 0.006
3016.78569 14.756 0.006
3020.62601 15.101 0.006
3022.65827 14.845 0.006
3023.76631 14.951 0.006
3025.76944 15.003 0.006
3029.77272 15.095 0.006
3032.62150 14.850 0.006
3034.66956 15.093 0.006
3036.69968 14.762 0.006
3039.64162 15.101 0.006
3041.72466 14.764 0.006
3042.74992 14.872 0.006
3044.68870 15.102 0.006
3046.67484 14.765 0.006
3048.70805 14.967 0.006
3050.70499 14.935 0.006
3052.70123 14.873 0.006
3054.70735 15.139 0.006
3056.69443 14.769 0.006
3058.68777 14.978 0.006
3059.63400 15.116 0.006
3066.62497 14.781 0.006
3068.65317 14.994 0.006
3071.55158 14.772 0.006
3074.55156 15.126 0.006
3076.67085 14.799 0.006
3079.67043 15.156 0.006
3083.54060 15.001 0.006
3085.63885 14.847 0.006
3088.59619 15.007 0.006
3091.59969 14.800 0.006
3097.52416 14.903 0.006
3100.56170 14.828 0.006
3103.56980 15.013 0.006
3106.59915 14.813 0.006
3109.58229 15.154 0.006
3112.60808 14.918 0.006
3126.53726 14.832 0.006
3132.54028 14.952 0.006
3242.92184 15.092 0.006
3249.89938 14.753 0.006
3260.88096 14.870 0.006
3271.87130 14.985 0.006
3274.87450 14.780 0.006
3279.82801 14.777 0.006
3282.89383 15.138 0.006
3288.73624 14.918 0.006
3291.81715 15.000 0.006
3297.82849 15.150 0.006
3300.69262 14.892 0.006
3302.68730 15.147 0.006
3305.79889 14.901 0.006
3307.82371 15.154 0.006
3309.86010 14.812 0.006
3315.79604 14.909 0.006
3321.76046 15.017 0.006
3328.85868 14.761 0.006
3333.85846 14.753 0.006
3335.80753 14.936 0.006
3340.69138 14.918 0.006
3353.78346 14.750 0.006
3357.81109 15.107 0.006
3360.79069 14.946 0.006
3366.75472 15.078 0.006
3378.79799 14.759 0.006
3385.58790 14.945 0.006
3387.79599 14.978 0.006
3394.68699 14.856 0.006
3402.74526 14.939 0.006
3404.67696 14.863 0.006
3410.53478 14.961 0.006
3416.54235 15.113 0.006
3425.54872 14.986 0.006
3430.54546 14.994 0.006
3436.59634 15.145 0.006
3448.52659 14.796 0.006
3458.49803 14.800 0.006
3603.89837 14.957 0.006
3621.87610 14.761 0.006
3624.89989 15.115 0.006
3630.84705 14.946 0.006
3637.79814 14.874 0.006
3640.84232 14.915 0.006
3651.87480 14.809 0.006
3655.79196 14.873 0.006
3659.77536 15.145 0.006
3663.73933 14.998 0.006
3669.83445 15.151 0.006
3673.71180 15.017 0.006
3685.83876 14.757 0.006
3688.75767 15.029 0.006
3690.83222 14.770 0.006
3693.83855 15.043 0.006
3696.77618 14.818 0.006
3699.78905 15.146 0.006
3701.84401 14.832 0.006
3703.84083 15.059 0.006
3706.71609 14.812 0.006
3711.75160 14.822 0.006
3713.83964 15.069 0.006
3715.81594 14.736 0.006
3718.84704 15.080 0.006
3724.79037 15.070 0.006
3728.82464 15.078 0.006
3731.83180 14.852 0.006
3733.73116 15.082 0.006
3735.71073 14.743 0.006
3738.74469 15.078 0.006
3740.80961 14.751 0.006
3742.82904 14.958 0.006
3745.84651 14.767 0.006
3747.84951 14.957 0.006
3749.79678 14.967 0.006
3751.81064 14.861 0.006
3753.76074 15.103 0.006
3755.78891 14.777 0.006
3757.80886 14.979 0.006
3760.62049 14.758 0.006
3763.74119 15.116 0.006
3766.75774 14.880 0.006
3771.66719 14.865 0.006
3774.65867 14.929 0.006
3777.61696 14.973 0.006
3780.68111 14.776 0.006
3788.60747 15.137 0.006
3794.57700 14.909 0.006
3802.51786 14.995 0.006
3812.53064 14.998 0.006
3830.48398 14.803 0.006
3965.91247 14.960 0.006
3970.92825 14.966 0.006
3982.87875 14.943 0.006
3990.82568 14.976 0.006
3999.89502 14.894 0.006
4003.77077 14.774 0.006
4006.82013 15.135 0.006
4008.84115 14.799 0.006
4013.85303 14.809 0.006
4019.85768 14.901 0.006
4024.84720 14.914 0.006
4027.75176 14.854 0.006
4029.86237 14.912 0.006
4036.74094 15.142 0.006
4039.72909 14.913 0.006
4041.80282 15.154 0.006
4045.67113 15.018 0.006
4047.66752 14.816 0.006
4050.64328 15.026 0.006
4052.83255 14.758 0.006
4054.81940 14.937 0.006
4057.74445 14.769 0.006
4060.68386 15.031 0.006
4065.76790 15.049 0.006
4067.72408 14.756 0.006
4069.85965 14.937 0.006
4074.83888 14.951 0.006
4078.75679 14.846 0.006
4080.76817 15.076 0.006
4083.84280 14.856 0.006
4085.81764 15.083 0.006
4096.65091 15.095 0.006
4106.64151 15.055 0.006
4112.81835 14.779 0.006
4122.74641 14.780 0.006
4127.72340 14.773 0.006
4145.65606 15.132 0.006
4158.52623 14.884 0.006
4169.55558 15.004 0.006
4344.85827 14.935 0.006
4348.88856 15.123 0.006
4354.81686 14.930 0.006
4358.87848 15.131 0.006
4363.89388 15.140 0.006
4367.81616 14.990 0.006
4371.82689 14.891 0.006
4378.78082 15.151 0.006
4381.79772 14.907 0.006
4387.74024 15.003 0.006
4390.87733 14.812 0.006
4396.77801 14.911 0.006
4400.78596 14.806 0.006
4408.79765 15.149 0.006
4415.86329 14.821 0.006
4423.82536 15.120 0.006
4427.79178 15.062 0.006
4430.79500 14.831 0.006
4433.81248 15.095 0.006
4437.73895 15.060 0.006
4440.75876 14.842 0.006
4444.70373 14.751 0.006
4449.81831 14.758 0.006
4451.85383 14.958 0.006
4454.79358 14.748 0.006
4456.79594 14.953 0.006
4458.80266 14.997 0.006
4463.78604 14.969 0.006
4465.80281 14.866 0.006
4470.72282 14.860 0.006
4473.76584 14.947 0.006
4478.80731 14.908 0.006
4481.84942 14.972 0.006
4486.84719 14.983 0.006
4490.66531 14.871 0.006
4493.73591 14.900 0.006
4497.78824 15.144 0.006
4500.66120 14.883 0.006
4502.77106 15.142 0.006
4507.76216 15.151 0.006
4509.72583 14.788 0.006
4518.72506 14.803 0.006
4522.52537 15.143 0.006
4524.66577 14.795 0.006
4530.69018 14.904 0.006
4534.65682 14.806 0.006
4538.67214 14.764 0.006
4540.67217 14.915 0.006
4542.58931 15.157 0.006
