 457.65036 15.035 0.005
 457.70900 15.036 0.005
 457.82627 15.050 0.005
 458.68282 15.188 0.005
 459.64613 15.350 0.005
 459.85179 15.383 0.005
 461.65473 15.119 0.005
 461.78292 15.141 0.005
 462.61149 15.282 0.005
 465.85476 15.239 0.005
 466.85023 15.398 0.005
 468.77914 15.154 0.005
 469.78806 15.320 0.005
 470.80595 15.434 0.005
 472.82387 15.257 0.005
 475.58440 15.149 0.005
 477.80197 15.413 0.005
 478.80765 15.103 0.005
 479.80791 15.276 0.005
 480.64438 15.402 0.005
 481.54221 15.189 0.005
 482.83488 15.204 0.005
 483.54035 15.314 0.005
 484.53853 15.443 0.005
 485.54311 15.076 0.005
 486.53527 15.242 0.005
 487.56264 15.399 0.005
 488.57503 15.077 0.005
 489.53507 15.168 0.005
 490.54375 15.340 0.005
 491.54533 15.429 0.005
 492.53048 15.093 0.005
 493.53360 15.261 0.005
 494.52857 15.403 0.005
 494.78805 15.447 0.005
 495.53064 15.050 0.005
 496.52584 15.186 0.005
 496.74220 15.213 0.005
 498.52516 15.390 0.005
 499.78757 15.164 0.005
 500.78505 15.319 0.006
 501.54961 15.429 0.005
 507.53577 15.296 0.005
 508.57841 15.438 0.005
 509.53296 15.043 0.005
 510.56366 15.234 0.005
 510.72888 15.254 0.005
 511.62829 15.391 0.005
 512.56262 15.181 0.005
 513.54674 15.149 0.005
 513.65854 15.167 0.005
 514.52638 15.310 0.005
 514.62184 15.318 0.005
 515.52301 15.444 0.005
 516.52654 15.066 0.005
 517.52606 15.239 0.005
 518.56293 15.390 0.005
 519.51596 15.133 0.005
 519.66551 15.037 0.005
 519.74332 15.031 0.005
 520.68219 15.189 0.005
 521.51812 15.326 0.005
 521.65567 15.347 0.005
 521.71943 15.349 0.006
 523.52345 15.085 0.005
 524.50885 15.247 0.005
 524.54893 15.260 0.005
 526.51224 15.058 0.005
 526.60800 15.036 0.005
 527.50701 15.182 0.005
 528.56685 15.346 0.005
 530.54678 15.109 0.005
 530.64435 15.133 0.005
 531.51980 15.265 0.005
 531.61881 15.284 0.005
 532.50842 15.415 0.005
 533.50745 15.029 0.005
 533.63338 15.046 0.005
 534.51668 15.190 0.005
 535.52112 15.343 0.005
 536.67014 15.197 0.005
 540.50831 15.047 0.005
 552.62006 15.332 0.005
 554.53448 15.040 0.005
 558.52752 15.179 0.006
 560.54987 15.400 0.006
 561.49036 15.088 0.005
 562.48244 15.259 0.006
 564.49133 15.034 0.005
 573.48255 15.346 0.006
 673.83715 15.422 0.005
 689.86342 15.235 0.005
 699.80948 15.175 0.005
 701.80673 15.424 0.006
 704.84854 15.416 0.006
 706.79487 15.185 0.006
 707.84819 15.350 0.006
 715.81409 15.284 0.005
 720.79420 15.238 0.005
 722.82465 15.185 0.005
 726.78268 15.064 0.005
 728.82240 15.397 0.005
 729.87724 15.052 0.005
 733.77811 15.082 0.006
 741.87288 15.291 0.005
 744.87837 15.213 0.006
 745.72006 15.347 0.005
 747.78706 15.123 0.005
 748.74117 15.283 0.005
 751.72439 15.211 0.005
 755.68464 15.282 0.006
 759.79777 15.381 0.005
 760.77422 15.138 0.005
 761.85915 15.177 0.005
 765.80078 15.256 0.005
 769.79156 15.334 0.005
 774.79811 15.027 0.005
 778.78146 15.113 0.005
 780.85226 15.447 0.006
 781.78629 15.037 0.005
 788.79735 15.059 0.005
 789.75380 15.226 0.005
 792.79384 15.156 0.005
 795.85552 15.096 0.005
 796.85620 15.261 0.006
 797.85370 15.408 0.005
 798.85077 15.051 0.005
 805.77610 15.043 0.005
 816.71844 15.122 0.005
 817.82469 15.312 0.005
 818.86062 15.441 0.005
 819.85463 15.073 0.005
 822.78281 15.185 0.005
 825.74211 15.442 0.006
 827.65257 15.223 0.005
 828.83714 15.399 0.005
 829.67164 15.189 0.005
 830.80304 15.180 0.005
 831.64826 15.305 0.005
 832.72444 15.447 0.005
 833.65725 15.064 0.005
 834.77158 15.261 0.006
 837.81658 15.198 0.005
 839.60340 15.448 0.006
 841.82537 15.287 0.005
 842.79055 15.411 0.006
 844.65860 15.186 0.005
 850.67962 15.039 0.005
 854.74038 15.143 0.005
 856.73169 15.438 0.006
 858.61298 15.216 0.005
 860.75961 15.122 0.005
 864.69904 15.069 0.005
 875.59471 15.174 0.005
 880.51173 15.391 0.005
 887.59198 15.419 0.006
 892.67594 15.142 0.005
 895.49829 15.038 0.005
 897.49702 15.359 0.005
 918.49187 15.411 0.006
 922.48037 15.380 0.005
 928.49889 15.361 0.006
 931.52136 15.293 0.006
 934.49354 15.214 0.005
 950.49594 15.048 0.005
 952.48761 15.341 0.005
1053.91721 15.037 0.005
1065.91337 15.286 0.006
1068.80476 15.192 0.005
1069.79897 15.358 0.005
1071.79781 15.129 0.006
1077.82432 15.201 0.005
1083.77351 15.380 0.006
1088.84235 15.086 0.005
1092.87490 15.192 0.005
1102.76670 15.113 0.005
1106.82372 15.208 0.005
1112.80524 15.056 0.005
1116.78148 15.155 0.005
1126.68125 15.072 0.005
1129.72840 15.048 0.005
1132.77859 15.362 0.005
1136.81191 15.036 0.005
1142.70415 15.427 0.005
1151.79873 15.253 0.005
1154.80658 15.171 0.005
1157.79987 15.096 0.005
1160.83334 15.028 0.005
1163.77477 15.380 0.006
1166.80873 15.426 0.005
1169.78927 15.342 0.005
1171.83770 15.140 0.005
1174.76405 15.047 0.005
1175.84535 15.241 0.005
1179.83932 15.329 0.005
1183.73413 15.380 0.005
1185.84887 15.168 0.005
1187.80441 15.436 0.005
1189.82740 15.260 0.005
1191.83285 15.035 0.005
1194.74017 15.418 0.005
1196.62067 15.239 0.005
1201.75537 15.345 0.006
1204.74099 15.433 0.006
1207.63381 15.357 0.006
1211.71415 15.441 0.006
1214.60730 15.360 0.006
1217.66069 15.299 0.005
1219.71651 15.066 0.005
1223.58479 15.141 0.005
1226.67750 15.082 0.005
1228.65129 15.396 0.006
1231.59275 15.338 0.006
1234.67025 15.270 0.005
1236.66112 15.029 0.005
1239.69096 15.340 0.006
1241.70754 15.300 0.005
1243.51451 15.040 0.005
1245.59923 15.359 0.005
1247.69867 15.144 0.005
1248.66637 15.307 0.006
1254.51785 15.125 0.005
1259.51023 15.375 0.006
1264.50443 15.053 0.005
1267.52361 15.103 0.006
1273.52978 15.406 0.007
1275.50879 15.181 0.005
1278.54131 15.120 0.005
1288.48611 15.035 0.005
1290.61581 15.384 0.006
1298.52736 15.117 0.005
1301.53264 15.431 0.006
1306.47393 15.171 0.005
1312.46685 15.030 0.005
1316.48222 15.112 0.005
1319.52280 15.045 0.005
1320.46281 15.210 0.006
1330.45986 15.144 0.006
1331.46263 15.308 0.005
1331.51005 15.316 0.007
1332.45806 15.442 0.006
1333.46365 15.073 0.006
1335.46002 15.382 0.006
1336.45942 15.098 0.006
1336.47554 15.093 0.006
1336.48358 15.081 0.006
1338.48129 15.325 0.007
1338.48923 15.323 0.007
1339.45665 15.424 0.007
1339.46658 15.417 0.007
1340.45477 15.090 0.006
1340.47939 15.091 0.006
1342.45938 15.404 0.006
1343.47532 15.036 0.005
1346.47803 15.373 0.009
1348.46182 15.286 0.006
1349.46332 15.433 0.007
1350.46429 15.031 0.005
1354.94230 15.208 0.006
1360.94380 15.053 0.006
1365.94357 15.319 0.006
1375.93401 15.269 0.006
1395.90928 15.136 0.005
1400.89513 15.383 0.006
1412.90552 15.091 0.005
1415.91484 15.029 0.006
1430.86961 15.217 0.005
1432.86682 15.189 0.006
1433.90415 15.154 0.005
1435.77081 15.436 0.006
1437.76450 15.223 0.006
1440.81099 15.153 0.005
1443.85403 15.086 0.005
1446.88620 15.039 0.005
1448.77727 15.314 0.006
1454.79683 15.199 0.007
1458.81288 15.289 0.006
1459.84034 15.429 0.005
1462.75168 15.351 0.006
1470.79201 15.183 0.005
1475.79167 15.237 0.005
1477.67622 15.188 0.005
1479.71709 15.320 0.006
1484.73279 15.068 0.005
1487.75847 15.395 0.005
1491.68660 15.041 0.005
1493.83851 15.366 0.006
1494.73208 15.344 0.006
1497.78797 15.431 0.006
1499.69575 15.199 0.005
1502.69105 15.123 0.005
1503.84095 15.309 0.005
1505.73144 15.058 0.005
1507.80264 15.395 0.006
1510.77870 15.315 0.005
1512.73771 15.087 0.005
1514.84895 15.415 0.006
1515.70307 15.092 0.005
1517.73475 15.333 0.005
1518.83969 15.365 0.005
1521.69382 15.401 0.005
1523.64083 15.170 0.006
1525.74483 15.353 0.005
1527.73755 15.279 0.005
1528.81667 15.430 0.005
1529.68083 15.024 0.005
1531.79820 15.368 0.005
1538.75446 15.373 0.005
1542.67833 15.449 0.006
1544.72097 15.238 0.005
1547.79331 15.180 0.005
1548.77104 15.331 0.005
1549.78977 15.402 0.005
1552.68889 15.397 0.005
1553.76458 15.034 0.005
1554.77979 15.195 0.005
1555.76680 15.350 0.005
1561.55994 15.172 0.005
1562.76616 15.364 0.005
1564.65505 15.113 0.005
1567.61257 15.028 0.005
1570.57971 15.347 0.005
1573.62000 15.432 0.005
1576.60534 15.375 0.005
1579.66829 15.321 0.006
1581.71998 15.083 0.005
1583.71886 15.407 0.006
1585.65397 15.172 0.005
1588.60413 15.082 0.005
1591.68186 15.030 0.006
1593.60082 15.332 0.005
1595.70622 15.124 0.005
1599.67848 15.207 0.005
1600.69202 15.371 0.006
1604.54267 15.422 0.006
1606.51741 15.199 0.006
1609.61802 15.134 0.005
1610.58088 15.301 0.006
1611.65151 15.444 0.006
1613.55748 15.222 0.005
1615.50374 15.238 0.005
1617.50319 15.301 0.005
1619.52573 15.065 0.005
1621.49829 15.388 0.006
1623.49673 15.150 0.005
1625.49870 15.446 0.006
1627.49884 15.240 0.006
1629.54376 15.045 0.005
1630.55260 15.180 0.005
1632.49912 15.409 0.006
1634.53921 15.278 0.005
1635.61071 15.428 0.006
1645.48783 15.358 0.006
1650.54602 15.068 0.006
1653.54345 15.125 0.005
1655.51716 15.318 0.006
1657.50853 15.082 0.005
1660.53372 15.057 0.005
1662.48463 15.331 0.005
1664.49943 15.091 0.005
1667.55319 15.033 0.005
1671.48256 15.110 0.005
1676.48729 15.356 0.006
1690.49126 15.396 0.006
1768.90853 15.275 0.005
1769.84096 15.396 0.006
1771.87123 15.190 0.006
1773.89407 15.380 0.005
1775.91415 15.290 0.005
1784.90126 15.048 0.005
1789.89573 15.321 0.005
1790.85772 15.441 0.005
1803.88720 15.338 0.005
1809.81328 15.189 0.005
1812.83651 15.109 0.005
1814.85139 15.430 0.005
1818.84429 15.260 0.005
1822.83665 15.062 0.005
1828.86181 15.443 0.005
1829.83306 15.079 0.005
1830.84651 15.247 0.005
1834.88545 15.328 0.006
1846.81197 15.032 0.005
1846.86296 15.041 0.005
1850.79259 15.124 0.005
1851.86791 15.301 0.006
1855.83471 15.372 0.005
1859.76068 15.450 0.005
1863.74248 15.179 0.005
1865.79715 15.326 0.005
1867.76606 15.082 0.005
1869.73945 15.393 0.005
1870.76984 15.074 0.005
1871.85398 15.194 0.005
1873.81366 15.401 0.005
2115.93631 15.071 0.006
2116.93721 15.244 0.006
2122.92136 15.081 0.005
2128.92746 15.374 0.006
2130.91232 15.275 0.006
2131.91416 15.427 0.006
2132.90885 15.023 0.005
2134.91389 15.360 0.006
2135.92482 15.279 0.005
2140.91357 15.225 0.006
2142.90189 15.218 0.006
2143.90948 15.129 0.005
2144.91230 15.307 0.005
2156.88489 15.039 0.005
2161.84991 15.256 0.006
2167.84210 15.109 0.006
2173.84945 15.282 0.006
2173.86441 15.257 0.005
2190.78721 15.442 0.006
2190.80163 15.433 0.006
2192.83588 15.251 0.005
2201.82236 15.007 0.005
2214.78907 15.451 0.007
2214.80394 15.429 0.006
2224.74585 15.397 0.006
2224.75954 15.384 0.006
2226.84999 15.175 0.006
2227.66215 15.308 0.006
2229.66192 15.068 0.006
2229.67561 15.054 0.005
2230.81981 15.256 0.006
2232.82048 15.026 0.006
2232.83934 15.017 0.005
2234.81490 15.350 0.007
2234.83415 15.347 0.005
2237.75457 15.267 0.005
2239.59986 15.067 0.006
2241.66140 15.355 0.007
2241.67984 15.337 0.006
2243.71999 15.115 0.006
2243.73371 15.111 0.005
2248.79660 15.378 0.006
2248.81430 15.376 0.005
2250.80101 15.142 0.005
2250.84628 15.156 0.005
2252.65163 15.428 0.006
2252.66525 15.435 0.006
2254.64255 15.209 0.006
2254.65634 15.214 0.005
2257.64643 15.139 0.006
2257.66301 15.135 0.005
2261.76077 15.263 0.006
2264.67509 15.161 0.005
2264.75109 15.172 0.006
2266.64408 15.446 0.007
2266.66121 15.427 0.006
2270.64019 15.043 0.005
2270.65907 15.026 0.005
2271.79100 15.218 0.005
2271.80926 15.202 0.005
2272.81721 15.366 0.006
2273.72748 15.354 0.006
2274.64733 15.095 0.005
2275.82790 15.287 0.006
2276.76481 15.433 0.006
2277.64954 15.024 0.005
2277.81814 15.042 0.005
2279.82189 15.380 0.006
2279.83576 15.372 0.006
2280.80929 15.172 0.005
2281.80872 15.147 0.006
2282.69479 15.297 0.005
2283.84294 15.419 0.006
2283.86006 15.440 0.006
2288.74907 15.158 0.006
2288.76751 15.153 0.005
2290.78746 15.414 0.006
2290.80371 15.430 0.006
2292.76398 15.250 0.006
2292.77783 15.244 0.006
2294.73902 15.070 0.006
2296.74943 15.323 0.007
2296.76981 15.334 0.006
2298.72650 15.087 0.005
2298.76883 15.097 0.006
2300.72186 15.427 0.007
2300.73701 15.422 0.006
2302.69966 15.178 0.006
2302.71364 15.177 0.005
2304.74400 15.354 0.007
2304.75784 15.333 0.006
2315.64475 15.015 0.005
2321.67232 15.442 0.007
2323.58860 15.202 0.006
2327.55888 15.291 0.007
2327.57405 15.295 0.006
2333.56807 15.141 0.006
2333.58404 15.141 0.006
2339.54453 15.072 0.007
2339.56040 15.041 0.005
2345.52147 15.403 0.006
2351.49958 15.262 0.006
2369.49709 15.372 0.007
2385.48276 15.177 0.006
2395.51674 15.120 0.007
2526.90888 15.218 0.006
2529.82839 15.111 0.005
2539.83086 15.042 0.005
2542.88757 15.083 0.006
2552.85406 15.398 0.006
2556.83044 15.034 0.006
2556.84544 15.009 0.005
2560.75386 15.089 0.005
2564.84693 15.224 0.006
2564.86210 15.209 0.005
2573.84610 15.251 0.006
2573.85995 15.212 0.005
2578.77042 15.250 0.007
2578.78433 15.237 0.006
2583.82488 15.426 0.007
2583.83871 15.410 0.006
2589.85777 15.366 0.006
2590.74381 15.404 0.006
2596.74113 15.356 0.007
2596.75643 15.343 0.006
2605.74414 15.138 0.006
2605.78368 15.132 0.005
2609.74038 15.235 0.007
2609.75581 15.227 0.006
2614.70651 15.435 0.007
2614.71785 15.417 0.006
2618.73078 15.078 0.006
2618.77304 15.039 0.005
2621.64019 15.437 0.006
2623.82197 15.276 0.006
2624.60386 15.382 0.006
2627.68528 15.343 0.007
2627.69980 15.336 0.006
2629.70831 15.110 0.006
2629.72274 15.113 0.006
2634.76299 15.367 0.006
2635.68212 15.323 0.006
2635.69591 15.315 0.006
2638.65320 15.428 0.006
2638.66690 15.427 0.006
2639.65332 15.042 0.005
2640.76380 15.222 0.006
2641.72112 15.369 0.006
2642.72260 15.186 0.006
2643.72981 15.147 0.006
2644.72530 15.305 0.006
2645.71734 15.431 0.006
2646.70083 15.058 0.005
2647.67514 15.225 0.005
2650.73508 15.161 0.006
2650.83682 15.170 0.006
2652.73791 15.430 0.007
2652.78900 15.420 0.006
2654.67274 15.246 0.006
2654.75142 15.256 0.006
2656.64568 15.076 0.006
2656.66072 15.065 0.005
2658.60869 15.336 0.007
2658.62247 15.327 0.006
2660.62612 15.084 0.006
2660.64079 15.076 0.005
2662.60897 15.405 0.007
2662.65173 15.435 0.006
2664.61653 15.175 0.006
2664.63042 15.174 0.006
2666.67473 15.355 0.006
2666.69516 15.334 0.005
2668.66349 15.284 0.007
2668.68128 15.270 0.006
2670.62961 15.027 0.006
2670.64338 15.017 0.005
2672.73889 15.370 0.006
2672.78217 15.382 0.006
2674.63727 15.130 0.006
2674.68293 15.124 0.005
2676.62384 15.439 0.006
2676.67201 15.443 0.006
2678.71152 15.233 0.006
2678.72530 15.237 0.006
2680.62219 15.215 0.006
2680.63604 15.167 0.005
2687.54583 15.195 0.007
2687.56098 15.164 0.006
2693.52022 15.384 0.006
2696.53896 15.331 0.007
2696.55689 15.330 0.006
2701.52111 15.049 0.006
2701.53850 15.029 0.005
2707.51852 15.427 0.007
2707.54029 15.424 0.006
2714.51745 15.422 0.007
2714.53240 15.440 0.006
2839.90897 15.089 0.005
2840.90657 15.261 0.007
2867.91898 15.168 0.006
2885.85768 15.286 0.006
2888.91302 15.229 0.006
2892.88620 15.315 0.006
2894.84807 15.066 0.006
2897.85516 15.132 0.006
2899.84965 15.330 0.006
2903.90095 15.406 0.005
2905.83865 15.190 0.007
2907.77537 15.432 0.006
2908.89970 15.113 0.006
2911.79798 15.041 0.006
2911.81281 15.020 0.005
2916.84818 15.286 0.006
2916.86323 15.278 0.006
2922.83204 15.127 0.006
2922.84691 15.126 0.006
2926.75945 15.224 0.006
2926.77861 15.209 0.006
2930.83318 15.321 0.006
2930.84830 15.318 0.006
2933.87759 15.250 0.006
2934.75027 15.384 0.006
2940.71514 15.249 0.006
2940.72982 15.234 0.005
2943.73540 15.160 0.006
2947.72904 15.259 0.006
2947.74402 15.262 0.006
2949.81919 15.037 0.006
2953.68594 15.108 0.006
2953.70121 15.100 0.005
2956.71174 15.023 0.006
2956.72656 15.026 0.005
2958.73804 15.360 0.007
2958.75289 15.374 0.006
2962.74989 15.440 0.007
2962.76465 15.449 0.006
2965.76931 15.390 0.006
2965.78840 15.382 0.006
2968.65427 15.299 0.006
2968.71288 15.309 0.006
2973.67310 15.154 0.005
2973.85293 15.037 0.006
2975.84208 15.344 0.007
2975.85720 15.334 0.006
2976.79163 15.417 0.006
2976.83737 15.392 0.007
2978.69928 15.257 0.006
2978.85698 15.275 0.007
2980.71172 15.039 0.005
2982.68907 15.341 0.007
2982.70444 15.340 0.006
2984.73662 15.108 0.006
2984.75158 15.112 0.005
2986.81922 15.434 0.007
2988.78381 15.211 0.006
2988.80462 15.206 0.005
2989.75988 15.359 0.006
2989.80697 15.375 0.007
2991.64013 15.121 0.006
2991.65507 15.111 0.005
2993.62755 15.425 0.006
2993.64237 15.433 0.006
2995.72784 15.225 0.006
2995.74333 15.228 0.005
2997.70612 15.239 0.006
2997.72100 15.222 0.005
2999.68517 15.297 0.005
2999.72874 15.311 0.006
3001.76499 15.074 0.006
3001.77999 15.070 0.005
3003.73565 15.389 0.006
3003.75071 15.385 0.006
3005.64092 15.143 0.006
3005.71257 15.161 0.005
3007.63393 15.443 0.006
3007.67400 15.436 0.007
3009.63178 15.234 0.006
3009.74028 15.258 0.006
3011.71598 15.079 0.006
3011.73134 15.052 0.006
3013.72044 15.336 0.006
3013.73553 15.340 0.006
3017.72191 15.423 0.007
3017.73687 15.423 0.006
3019.64987 15.195 0.006
3019.66492 15.177 0.006
3021.76865 15.292 0.006
3021.78349 15.291 0.005
3023.63044 15.282 0.006
3023.64525 15.267 0.005
3024.83157 15.443 0.007
3024.84636 15.449 0.006
3026.82826 15.240 0.006
3027.66252 15.361 0.006
3029.63259 15.136 0.006
3029.64752 15.119 0.005
3031.70257 15.443 0.006
3031.71748 15.445 0.006
3033.76606 15.240 0.006
3033.78111 15.236 0.005
3035.77311 15.102 0.006
3035.78796 15.087 0.005
3038.75060 15.442 0.007
3038.76558 15.433 0.006
3040.72125 15.247 0.006
3041.60606 15.375 0.006
3043.64014 15.161 0.006
3044.59906 15.314 0.006
3045.68806 15.433 0.007
3045.70306 15.429 0.006
3047.64177 15.264 0.006
3047.65678 15.254 0.006
3048.58553 15.397 0.006
3049.64749 15.055 0.005
3050.60386 15.163 0.005
3051.61569 15.334 0.007
3052.60101 15.427 0.006
3054.60161 15.267 0.006
3055.60914 15.416 0.006
3056.59893 15.023 0.005
3057.63462 15.193 0.006
3058.59295 15.337 0.006
3059.57848 15.376 0.006
3060.64252 15.111 0.005
3061.57152 15.274 0.007
3068.51288 15.287 0.007
3068.52842 15.270 0.006
3070.56855 15.034 0.006
3070.58935 15.039 0.005
3073.56925 15.225 0.007
3073.62057 15.169 0.006
3075.68223 15.309 0.007
3076.52054 15.433 0.007
3078.61422 15.252 0.006
3078.62954 15.240 0.005
3082.59175 15.330 0.006
3082.60738 15.330 0.005
3084.66878 15.094 0.005
3085.50843 15.237 0.006
3087.63148 15.029 0.006
3087.64667 15.022 0.005
3090.59487 15.373 0.007
3090.61065 15.366 0.006
3096.52864 15.356 0.006
3099.58291 15.287 0.007
3099.59791 15.289 0.006
3102.56167 15.214 0.006
3102.57706 15.204 0.006
3104.56377 15.234 0.005
3105.59440 15.135 0.006
3108.57235 15.061 0.006
3110.54551 15.376 0.006
3112.54964 15.144 0.006
3113.52340 15.305 0.006
3116.53102 15.242 0.006
3127.49841 15.338 0.006
3128.49523 15.391 0.006
3140.48705 15.219 0.006
3140.50295 15.206 0.006
3216.86713 15.311 0.006
3223.88727 15.328 0.007
3241.87350 15.418 0.007
3241.91011 15.426 0.005
3248.83692 15.444 0.007
3248.85229 15.429 0.006
3257.86477 15.256 0.006
3257.88065 15.238 0.005
3263.91076 15.106 0.006
3264.80199 15.244 0.005
3270.85373 15.118 0.006
3270.86874 15.116 0.005
3273.90175 15.046 0.006
3274.75445 15.186 0.006
3277.83778 15.127 0.006
3277.87644 15.122 0.005
3281.88153 15.232 0.006
3281.89645 15.228 0.005
3287.74260 15.048 0.005
3287.75817 15.031 0.005
3295.69485 15.229 0.005
3295.71655 15.228 0.005
3297.69338 15.132 0.005
3299.75787 15.341 0.005
3301.75536 15.097 0.006
3301.77009 15.083 0.005
3304.81127 15.034 0.006
3304.83042 15.020 0.005
3307.68612 15.413 0.007
3307.70395 15.408 0.006
3309.72150 15.276 0.006
3309.73618 15.267 0.005
3311.71936 15.028 0.005
3311.73419 15.022 0.005
3320.76215 15.373 0.006
3320.77710 15.346 0.005
3323.69696 15.298 0.006
3327.73371 15.374 0.006
3327.74911 15.385 0.005
3330.69256 15.318 0.007
3330.70775 15.311 0.006
3334.79180 15.405 0.007
3334.80665 15.411 0.006
3338.83828 15.333 0.006
3338.85512 15.324 0.005
3339.75445 15.109 0.005
3340.85336 15.285 0.006
3354.71821 15.294 0.006
3354.77038 15.292 0.005
3358.79979 15.388 0.006
3358.81657 15.388 0.006
3361.83197 15.329 0.006
3361.84744 15.327 0.005
3365.73437 15.390 0.006
3365.74913 15.392 0.006
3372.75069 15.416 0.006
3372.76554 15.414 0.005
3378.66340 15.270 0.006
3378.67818 15.267 0.005
3387.64997 15.044 0.006
3387.66497 15.038 0.005
3391.73111 15.151 0.006
3391.74596 15.151 0.005
3394.74267 15.077 0.005
3395.70854 15.238 0.006
3396.62266 15.377 0.006
3399.69990 15.317 0.006
3399.71476 15.324 0.005
3403.68717 15.410 0.006
3403.70206 15.410 0.006
3406.67091 15.336 0.005
3408.59659 15.089 0.005
3410.62464 15.408 0.005
3412.64180 15.186 0.006
3415.62184 15.099 0.005
3417.56923 15.425 0.006
3425.57748 15.041 0.006
3427.58554 15.363 0.006
3431.53918 15.445 0.006
3433.60812 15.236 0.005
3437.54096 15.319 0.006
3438.53736 15.436 0.005
3445.56090 15.416 0.006
3455.51785 15.411 0.006
3460.49461 15.120 0.005
3461.51188 15.279 0.005
3477.48933 15.089 0.006
3575.92977 15.385 0.006
3583.93144 15.040 0.005
3592.92165 15.337 0.005
3593.92968 15.324 0.006
3601.86664 15.134 0.006
3601.92169 15.126 0.005
3618.90071 15.093 0.005
3619.82363 15.246 0.005
3633.86213 15.289 0.005
3639.77461 15.125 0.005
3639.84187 15.147 0.005
3644.79665 15.391 0.006
3644.81122 15.376 0.005
3650.88549 15.255 0.006
3651.75357 15.398 0.005
3654.78641 15.321 0.006
3654.80191 15.334 0.005
3658.76593 15.414 0.006
3661.83667 15.347 0.006
3664.83652 15.281 0.006
3668.79446 15.354 0.006
3668.80936 15.378 0.005
3672.78267 15.427 0.007
3672.79764 15.436 0.005
3675.86234 15.380 0.006
3676.75441 15.222 0.005
3684.77048 15.158 0.005
3684.81644 15.158 0.005
3687.77612 15.078 0.005
3687.79089 15.080 0.005
3690.69598 15.090 0.006
3690.71071 15.084 0.005
3693.72995 15.408 0.006
3693.74476 15.433 0.005
3695.75148 15.272 0.006
3695.77753 15.270 0.005
3698.74425 15.197 0.006
3698.75926 15.190 0.005
3700.77308 15.336 0.006
3700.78785 15.305 0.005
3702.86072 15.303 0.006
3703.71872 15.433 0.005
3705.76750 15.147 0.005
3705.78588 15.222 0.005
3708.72607 15.134 0.006
3708.77382 15.141 0.005
3712.71295 15.225 0.006
3712.73146 15.220 0.005
3714.72330 15.161 0.005
3714.80167 15.102 0.005
3717.63939 15.443 0.006
3717.66413 15.452 0.006
3719.81657 15.257 0.006
3719.83664 15.270 0.005
3721.79756 15.033 0.005
3725.81046 15.107 0.006
3726.69340 15.266 0.005
3727.78288 15.401 0.006
3730.67829 15.342 0.006
3730.72572 15.350 0.005
3732.70303 15.107 0.005
3732.71776 15.109 0.005
3734.80107 15.451 0.006
3734.84860 15.452 0.006
3736.81733 15.219 0.006
3737.70570 15.358 0.006
3737.74958 15.359 0.005
3739.80479 15.148 0.005
3739.81957 15.128 0.005
3741.83248 15.456 0.006
3742.69068 15.042 0.006
3743.72961 15.231 0.005
3745.76633 15.164 0.005
3746.77208 15.158 0.005
3747.76899 15.321 0.007
3748.72533 15.459 0.006
3749.66076 15.066 0.006
3749.73036 15.071 0.005
3750.74573 15.251 0.006
3751.74223 15.404 0.005
3752.75643 15.090 0.005
3753.69377 15.161 0.005
3754.77416 15.344 0.006
3755.69410 15.440 0.006
3756.59767 15.065 0.005
3757.68462 15.253 0.005
3758.77055 15.422 0.007
3759.74932 15.029 0.005
3761.78296 15.354 0.006
3762.77094 15.376 0.006
3764.73741 15.283 0.006
3765.75804 15.433 0.005
3767.59723 15.191 0.006
3770.61494 15.112 0.005
3770.63047 15.112 0.005
3773.61777 15.040 0.005
3773.69656 15.045 0.005
3776.61720 15.313 0.006
3776.66687 15.278 0.005
3779.60676 15.439 0.007
3779.62144 15.443 0.006
3782.65747 15.388 0.006
3782.73236 15.397 0.006
3787.58245 15.048 0.005
3787.59826 15.057 0.005
3792.53421 15.311 0.006
3792.54899 15.311 0.005
3800.53095 15.446 0.006
3809.52346 15.278 0.007
3809.53824 15.278 0.006
3822.50926 15.139 0.006
3823.49828 15.305 0.005
3946.90560 15.191 0.006
3964.86237 15.312 0.006
3964.87699 15.321 0.005
3969.88648 15.102 0.005
3969.90105 15.087 0.005
3980.91751 15.109 0.005
3989.88827 15.445 0.006
3989.90419 15.435 0.006
3998.86793 15.235 0.005
3999.83042 15.374 0.005
4001.87946 15.138 0.005
4004.84342 15.042 0.005
4005.84259 15.254 0.005
4005.85738 15.243 0.005
4008.72368 15.151 0.005
4011.84705 15.104 0.005
4011.89053 15.096 0.005
4023.87075 15.360 0.007
4023.88564 15.361 0.006
4026.79383 15.275 0.005
4029.72048 15.199 0.006
4029.74303 15.206 0.005
4038.72442 15.186 0.005
4041.67106 15.449 0.006
4041.68572 15.452 0.005
4043.67543 15.230 0.006
4043.69057 15.233 0.005
4049.65326 15.068 0.005
4052.71462 15.036 0.005
4054.68692 15.340 0.006
4054.70142 15.343 0.005
4056.75944 15.111 0.005
4058.79177 15.401 0.005
4063.67583 15.120 0.005
4063.69041 15.113 0.005
4065.86357 15.446 0.006
4066.73310 15.045 0.005
4066.74772 15.047 0.005
4068.65259 15.356 0.005
4068.82062 15.382 0.006
4070.66307 15.132 0.005
4070.67770 15.132 0.005
4073.82244 15.080 0.005
4073.85150 15.090 0.005
4074.74531 15.225 0.005
4076.79057 15.068 0.006
4077.79378 15.158 0.005
4079.75295 15.421 0.006
4079.83872 15.382 0.006
4083.66974 15.078 0.005
4083.68433 15.065 0.005
4085.73526 15.343 0.006
4085.75003 15.350 0.005
4092.85371 15.367 0.006
4093.73455 15.318 0.005
4102.83024 15.314 0.006
4102.84709 15.329 0.005
4105.68915 15.232 0.005
4105.80714 15.236 0.005
4109.76230 15.323 0.005
4109.77704 15.331 0.005
4113.71803 15.400 0.005
4113.73274 15.392 0.005
4120.74843 15.421 0.006
4120.76305 15.424 0.005
4122.70488 15.189 0.005
4122.71956 15.177 0.005
4125.75611 15.132 0.005
4125.77379 15.122 0.005
4131.60945 15.360 0.005
4132.66151 15.116 0.005
4142.64609 15.061 0.006
4142.71242 15.042 0.006
4156.53278 15.080 0.006
4156.54752 15.080 0.005
4168.50215 15.352 0.007
4196.52349 15.409 0.007
4197.48146 15.023 0.005
4340.88883 15.353 0.006
4341.89938 15.322 0.007
4341.91385 15.313 0.006
4343.81836 15.281 0.007
4344.87322 15.436 0.007
4345.91179 15.045 0.006
4346.84073 15.209 0.007
4347.84928 15.367 0.007
4347.86379 15.369 0.006
4348.84243 15.280 0.006
4349.84267 15.129 0.006
4350.92002 15.312 0.007
4353.79875 15.214 0.005
4353.90325 15.238 0.006
4354.88699 15.386 0.007
4357.89321 15.318 0.007
4358.89322 15.443 0.007
4358.89707 15.436 0.006
4361.85470 15.388 0.007
4362.80921 15.113 0.006
4363.87230 15.177 0.007
4364.86151 15.337 0.006
4366.83629 15.093 0.006
4367.77387 15.256 0.007
4367.88597 15.265 0.006
4368.88753 15.421 0.007
4369.80950 15.042 0.006
4370.81063 15.168 0.006
4371.75122 15.333 0.006
4371.85578 15.344 0.006
4373.78127 15.098 0.006
4377.79163 15.195 0.006
4377.80607 15.196 0.005
4380.80812 15.118 0.006
4380.82259 15.126 0.005
4386.78375 15.251 0.006
4386.79827 15.241 0.006
4390.74574 15.044 0.006
4390.76021 15.047 0.005
4394.71634 15.137 0.005
4399.73431 15.390 0.007
4404.73250 15.090 0.006
4412.71281 15.278 0.006
4418.80622 15.132 0.005
4426.73512 15.306 0.007
4426.74994 15.318 0.006
4430.67642 15.381 0.007
4432.73652 15.151 0.005
4436.77642 15.257 0.006
4441.65288 15.448 0.007
4442.67487 15.091 0.006
4443.65039 15.268 0.007
4443.72136 15.278 0.006
4448.69507 15.372 0.007
4449.69242 15.110 0.005
4451.64044 15.417 0.007
4451.70214 15.435 0.006
4451.78230 15.442 0.007
4453.62932 15.204 0.006
4454.65323 15.363 0.007
4455.63979 15.338 0.007
4455.70128 15.270 0.006
4456.72045 15.127 0.006
4457.69528 15.291 0.006
4457.73173 15.305 0.006
4458.61771 15.440 0.007
4459.60194 15.035 0.006
4461.57252 15.360 0.006
4462.63270 15.244 0.006
4463.62613 15.142 0.006
4463.72163 15.148 0.005
4464.62379 15.304 0.006
4465.64302 15.449 0.006
4466.63614 15.057 0.006
4466.71063 15.067 0.005
4467.60362 15.233 0.007
4468.63641 15.387 0.006
4469.62083 15.167 0.006
4470.60860 15.160 0.006
4470.65806 15.166 0.005
4470.79863 15.181 0.006
4471.59865 15.314 0.006
4471.76477 15.336 0.006
4472.59938 15.433 0.006
4472.77208 15.409 0.006
4473.68604 15.095 0.006
4473.70083 15.095 0.005
4477.74419 15.203 0.006
4477.75926 15.190 0.006
4481.68174 15.283 0.006
4482.76311 15.449 0.006
4486.74015 15.273 0.006
4491.71438 15.221 0.006
4494.65968 15.140 0.006
4498.69331 15.237 0.005
4501.69057 15.164 0.005
4506.61091 15.402 0.007
4506.62467 15.406 0.006
4508.64771 15.174 0.005
4510.71642 15.398 0.006
4517.65064 15.375 0.006
4521.63026 15.020 0.005
4523.62728 15.369 0.006
4524.59385 15.327 0.006
4525.54669 15.125 0.006
4530.61735 15.369 0.006
4531.56873 15.244 0.007
4532.64558 15.147 0.005
4535.61458 15.065 0.005
4536.61782 15.241 0.005
4539.49980 15.148 0.006
4539.54008 15.153 0.006
4541.60896 15.452 0.006
