 457.64959 14.873 0.006
 457.70823 14.887 0.006
 457.82550 14.902 0.006
 458.68205 15.041 0.006
 459.64536 15.137 0.006
 459.85102 15.137 0.006
 461.65396 14.821 0.006
 461.78215 14.848 0.006
 462.61072 14.990 0.006
 465.85399 14.794 0.006
 466.84946 14.986 0.006
 468.77837 15.034 0.006
 469.78729 14.735 0.006
 470.80518 14.925 0.006
 472.82310 15.125 0.006
 475.58363 15.008 0.006
 477.80120 14.729 0.006
 478.80688 14.826 0.006
 479.80714 14.999 0.006
 480.64361 15.106 0.006
 481.54144 15.096 0.006
 482.83411 14.771 0.006
 483.53958 14.907 0.006
 484.53776 15.065 0.006
 485.54234 15.142 0.006
 486.53450 14.693 0.006
 487.56187 14.857 0.006
 488.57426 15.030 0.006
 489.53430 15.141 0.006
 490.54298 14.797 0.006
 491.54456 14.799 0.006
 492.52971 14.977 0.006
 493.53283 15.119 0.006
 494.52780 15.026 0.006
 494.78728 14.832 0.006
 495.52987 14.744 0.006
 496.52507 14.929 0.006
 496.74143 14.970 0.006
 498.52439 15.134 0.006
 499.78680 14.748 0.006
 500.78428 14.932 0.006
 501.54884 15.048 0.006
 507.53500 14.929 0.006
 508.57764 14.783 0.006
 509.53219 14.955 0.006
 510.56289 15.095 0.006
 510.72811 15.118 0.006
 511.62752 15.058 0.006
 512.56185 14.730 0.006
 513.54597 14.919 0.006
 513.65777 14.928 0.006
 514.52561 15.056 0.006
 514.62107 15.068 0.006
 515.52224 15.145 0.006
 516.52577 14.697 0.006
 517.52529 14.852 0.006
 518.56216 15.022 0.006
 519.51519 15.139 0.006
 519.66474 15.138 0.006
 519.74255 15.141 0.006
 520.68142 14.731 0.006
 521.51735 14.793 0.006
 521.65490 14.832 0.006
 521.71866 14.841 0.006
 523.52268 15.117 0.006
 524.50808 15.041 0.006
 524.54816 15.016 0.006
 526.51147 14.921 0.006
 526.60723 14.936 0.006
 527.50624 15.074 0.006
 528.56608 15.125 0.006
 530.54601 14.881 0.006
 530.64358 14.906 0.006
 531.51903 15.033 0.006
 531.61804 15.052 0.006
 532.50765 15.134 0.006
 533.50668 14.734 0.006
 533.63261 14.716 0.006
 534.51591 14.809 0.006
 535.52035 14.986 0.006
 536.66937 15.133 0.006
 540.50754 15.102 0.006
 552.61929 14.988 0.006
 554.53371 15.033 0.006
 558.52675 15.131 0.006
 560.54910 14.875 0.006
 561.48959 15.026 0.006
 562.48167 15.154 0.006
 564.49056 14.810 0.006
 573.48178 14.891 0.006
 673.83638 15.143 0.006
 689.86265 15.000 0.006
 699.80871 15.137 0.006
 701.80596 14.839 0.006
 704.84777 14.832 0.006
 706.79410 14.966 0.006
 707.84742 15.110 0.006
 715.81332 15.028 0.006
 720.79343 15.125 0.006
 722.82388 14.756 0.006
 726.78191 14.698 0.006
 728.82163 15.054 0.006
 729.87647 15.127 0.006
 733.77734 15.131 0.006
 741.87211 15.072 0.006
 744.87760 14.883 0.006
 745.71929 15.009 0.006
 747.78629 14.777 0.006
 748.74040 14.789 0.006
 751.72362 15.040 0.006
 755.68387 15.134 0.006
 759.79700 15.142 0.006
 760.77345 14.713 0.006
 761.85838 14.842 0.006
 765.80001 14.777 0.006
 769.79079 14.722 0.006
 774.79734 14.856 0.006
 778.78069 14.803 0.006
 780.85149 15.118 0.006
 781.78552 15.006 0.006
 788.79658 15.038 0.006
 789.75303 15.137 0.006
 792.79307 14.999 0.006
 795.85475 14.789 0.006
 796.85543 14.969 0.006
 797.85293 15.109 0.006
 798.85000 15.057 0.006
 805.77533 15.014 0.006
 816.71767 14.695 0.006
 817.82392 14.880 0.006
 818.85985 15.055 0.006
 819.85386 15.145 0.006
 822.78204 14.993 0.006
 825.74134 14.756 0.006
 827.65180 15.082 0.006
 828.83637 15.061 0.006
 829.67087 14.700 0.006
 830.80227 14.896 0.006
 831.64749 15.042 0.006
 832.72367 15.142 0.006
 833.65648 14.711 0.006
 834.77081 14.849 0.006
 837.81581 14.772 0.006
 839.60263 14.946 0.006
 841.82460 14.998 0.006
 842.78978 14.744 0.006
 844.65783 15.063 0.006
 850.67885 14.777 0.006
 854.73961 14.948 0.006
 856.73092 14.941 0.006
 858.61221 15.129 0.006
 860.75884 14.901 0.006
 864.69827 14.831 0.006
 875.59394 15.150 0.006
 880.51096 14.918 0.006
 887.59121 15.068 0.006
 892.67517 15.144 0.006
 895.49752 14.965 0.006
 897.49625 15.032 0.006
 918.49110 15.139 0.006
 922.47960 15.134 0.006
 928.49812 14.740 0.006
 931.52059 15.123 0.006
 934.49277 15.033 0.006
 950.49517 14.846 0.006
 952.48684 15.141 0.006
1053.91644 14.944 0.006
1065.91260 14.786 0.006
1068.80399 15.103 0.006
1069.79820 14.706 0.006
1071.79704 15.045 0.006
1077.82355 14.826 0.006
1083.77274 14.911 0.006
1088.84158 15.036 0.006
1092.87413 14.999 0.006
1102.76593 15.134 0.006
1106.82295 15.132 0.006
1112.80447 14.729 0.006
1116.78071 14.691 0.006
1126.68048 14.913 0.006
1129.72763 14.689 0.006
1132.77782 15.137 0.006
1136.81114 15.130 0.006
1142.70338 14.702 0.006
1151.79796 14.805 0.006
1154.80581 14.964 0.006
1157.79910 15.080 0.006
1160.83257 14.897 0.006
1163.77400 14.716 0.006
1166.80796 15.121 0.006
1169.78850 14.959 0.006
1171.83693 15.033 0.006
1174.76328 15.064 0.006
1175.84458 15.123 0.006
1179.83855 15.128 0.006
1183.73336 15.108 0.006
1185.84810 14.756 0.006
1187.80364 15.081 0.006
1189.82663 14.709 0.006
1191.83208 15.048 0.006
1194.73940 14.820 0.006
1196.61990 15.120 0.006
1201.75460 15.071 0.006
1204.74022 15.048 0.006
1207.63304 14.826 0.006
1211.71338 14.785 0.006
1214.60653 15.086 0.006
1217.65992 15.065 0.006
1219.71574 14.693 0.006
1223.58402 14.813 0.006
1226.67673 15.117 0.006
1228.65052 14.753 0.006
1231.59198 15.122 0.006
1234.66948 15.049 0.006
1236.66035 14.712 0.006
1239.69019 15.132 0.006
1241.70677 14.782 0.006
1243.51374 15.083 0.006
1245.59846 14.712 0.006
1247.69790 15.065 0.006
1248.66560 15.130 0.006
1254.51708 14.781 0.006
1259.50946 14.900 0.006
1264.50366 15.022 0.006
1267.52284 14.802 0.006
1273.52901 15.084 0.006
1275.50802 14.699 0.006
1278.54054 15.143 0.006
1288.48534 14.709 0.006
1290.61504 15.081 0.006
1298.52659 14.983 0.006
1301.53187 14.759 0.006
1306.47316 14.873 0.006
1312.46608 15.121 0.006
1316.48145 15.097 0.006
1319.52203 14.904 0.006
1320.46204 15.053 0.006
1330.45909 15.033 0.006
1331.46186 14.728 0.006
1331.50928 14.750 0.006
1332.45729 14.920 0.006
1333.46288 15.069 0.006
1335.45925 14.691 0.006
1336.45865 14.868 0.006
1336.47477 14.869 0.006
1336.48281 14.880 0.006
1338.48052 15.150 0.007
1338.48846 15.146 0.007
1339.45588 14.734 0.006
1339.46581 14.732 0.006
1340.45400 14.805 0.006
1340.47862 14.817 0.006
1342.45861 15.111 0.006
1343.47455 14.940 0.006
1346.47726 15.090 0.007
1348.46105 14.714 0.006
1349.46255 14.892 0.006
1350.46352 15.049 0.006
1354.94153 15.083 0.006
1360.94303 14.713 0.006
1365.94280 14.767 0.006
1375.93324 15.016 0.006
1395.90851 14.759 0.006
1400.89436 14.891 0.006
1412.90475 14.729 0.006
1415.91407 15.124 0.006
1430.86884 14.885 0.006
1432.86605 15.143 0.006
1433.90338 14.703 0.006
1435.77004 14.989 0.006
1437.76373 14.949 0.006
1440.81022 15.085 0.006
1443.85326 14.905 0.006
1446.88543 14.682 0.006
1448.77650 15.011 0.006
1454.79606 15.032 0.006
1458.81211 15.114 0.006
1459.83957 14.690 0.006
1462.75091 15.127 0.006
1470.79124 15.087 0.006
1475.79090 15.140 0.006
1477.67545 14.810 0.006
1479.71632 15.113 0.006
1484.73202 15.066 0.006
1487.75770 15.062 0.006
1491.68583 15.019 0.006
1493.83774 14.712 0.006
1494.73131 14.802 0.006
1497.78720 14.941 0.006
1499.69498 14.925 0.006
1502.69028 14.697 0.006
1503.84018 14.900 0.006
1505.73067 15.138 0.006
1507.80187 14.835 0.006
1510.77793 14.830 0.006
1512.73694 14.955 0.006
1514.84818 15.008 0.006
1515.70230 14.712 0.006
1517.73398 15.056 0.006
1518.83892 15.117 0.006
1521.69305 15.016 0.006
1523.64006 14.850 0.006
1525.74406 14.980 0.006
1527.73678 14.989 0.006
1528.81590 14.760 0.006
1529.68006 14.920 0.006
1531.79743 15.108 0.006
1538.75369 15.003 0.006
1542.67756 14.947 0.006
1544.72020 15.078 0.006
1547.79254 15.074 0.006
1548.77027 15.129 0.006
1549.78900 14.693 0.006
1552.68812 15.129 0.006
1553.76381 14.751 0.006
1554.77902 14.805 0.006
1555.76603 14.984 0.006
1561.55917 15.139 0.006
1562.76539 14.701 0.006
1564.65428 15.027 0.006
1567.61180 14.800 0.006
1570.57894 15.001 0.006
1573.61923 15.082 0.006
1576.60457 14.875 0.006
1579.66752 14.692 0.006
1581.71921 15.024 0.006
1583.71809 14.788 0.006
1585.65320 14.959 0.006
1588.60336 14.724 0.006
1591.68109 15.130 0.006
1593.60005 14.845 0.006
1595.70545 15.146 0.006
1599.67771 15.125 0.006
1600.69125 14.932 0.006
1604.54190 15.122 0.006
1606.51664 14.869 0.006
1609.61725 14.702 0.006
1610.58011 14.820 0.006
1611.65074 15.007 0.006
1613.55671 14.932 0.006
1615.50297 14.936 0.006
1617.50242 15.107 0.006
1619.52496 14.894 0.006
1621.49752 15.145 0.006
1623.49596 14.828 0.006
1625.49793 15.128 0.006
1627.49807 14.777 0.006
1629.54299 15.109 0.006
1630.55183 15.034 0.006
1632.49835 14.912 0.006
1634.53844 15.130 0.006
1635.60994 14.696 0.006
1645.48706 14.935 0.006
1650.54525 15.049 0.006
1653.54268 14.844 0.006
1655.51639 15.132 0.006
1657.50776 14.789 0.006
1660.53295 15.048 0.006
1662.48386 14.910 0.006
1664.49866 15.140 0.006
1667.55242 15.032 0.006
1671.48179 14.979 0.006
1676.48652 15.089 0.006
1690.49049 15.056 0.006
1768.90776 14.765 0.006
1769.84019 14.930 0.006
1771.87046 15.112 0.006
1773.89330 14.898 0.006
1775.91338 15.138 0.006
1784.90049 15.022 0.006
1789.89496 14.698 0.006
1790.85695 14.863 0.006
1803.88643 14.889 0.006
1809.81251 15.124 0.006
1812.83574 14.959 0.006
1814.85062 15.055 0.006
1818.84352 15.130 0.006
1822.83588 15.139 0.006
1828.86104 14.751 0.006
1829.83229 14.934 0.006
1830.84574 15.083 0.006
1834.88468 15.052 0.006
1846.81120 14.900 0.006
1846.86219 14.913 0.006
1850.79182 14.854 0.006
1851.86714 15.032 0.006
1855.83394 14.972 0.006
1859.75991 14.924 0.006
1863.74171 14.873 0.006
1865.79638 15.142 0.006
1867.76529 14.814 0.006
1869.73868 15.118 0.006
1870.76907 14.931 0.006
1871.85321 14.774 0.006
1873.81289 15.099 0.006
2115.93631 14.731 0.006
2116.93721 14.910 0.006
2122.92136 15.151 0.006
2128.92746 14.756 0.006
2130.91232 15.091 0.006
2131.91416 15.126 0.006
2132.90885 14.699 0.006
2134.91389 15.048 0.006
2135.92482 15.150 0.006
2140.91357 14.885 0.006
2142.90189 14.979 0.006
2143.90948 15.109 0.006
2144.91230 15.075 0.006
2156.88489 15.119 0.006
2161.84991 15.131 0.006
2167.84210 14.809 0.006
2173.84945 15.089 0.006
2173.86441 15.106 0.006
2190.78721 15.063 0.006
2190.80163 15.071 0.006
2192.82172 14.690 0.006
2192.83588 14.695 0.006
2201.82236 14.751 0.006
2214.78907 14.777 0.006
2214.80394 14.772 0.006
2224.74585 15.016 0.006
2224.75954 15.038 0.006
2226.84999 14.742 0.006
2227.66215 14.773 0.006
2229.66192 15.101 0.006
2229.67561 15.107 0.006
2230.80065 14.984 0.006
2230.81981 14.978 0.006
2232.82048 14.942 0.006
2232.83934 14.936 0.006
2234.81490 15.115 0.006
2234.83415 15.112 0.006
2237.75457 15.043 0.006
2239.59986 14.808 0.006
2241.66140 14.978 0.006
2241.67984 14.982 0.006
2243.71999 14.931 0.006
2243.73371 14.931 0.006
2248.79660 14.721 0.006
2248.81430 14.725 0.006
2250.80101 15.068 0.006
2250.84628 15.066 0.006
2252.65163 14.708 0.006
2252.66525 14.702 0.006
2254.64255 14.999 0.006
2254.65634 15.007 0.006
2257.64643 14.771 0.006
2257.66301 14.776 0.006
2260.66970 15.077 0.006
2261.76077 14.738 0.006
2264.67509 15.147 0.006
2264.75109 15.128 0.006
2266.64408 14.857 0.006
2266.66121 14.857 0.006
2270.64019 14.794 0.006
2270.65907 14.806 0.006
2271.79100 15.002 0.006
2271.80926 15.007 0.006
2272.81721 15.135 0.006
2273.72748 14.946 0.006
2274.64733 14.747 0.006
2275.82790 14.958 0.006
2276.76481 15.097 0.006
2277.64954 15.121 0.006
2277.81814 15.068 0.006
2279.82189 14.911 0.006
2279.83576 14.911 0.006
2280.80929 15.064 0.006
2281.80872 15.128 0.006
2282.69479 14.696 0.006
2283.84294 14.860 0.006
2283.86006 14.869 0.006
2288.74907 14.971 0.006
2288.76751 14.978 0.006
2290.78746 15.006 0.006
2290.80371 15.006 0.006
2292.76398 14.917 0.006
2292.77783 14.939 0.006
2294.73902 15.130 0.006
2296.74943 14.874 0.006
2296.76981 14.885 0.006
2298.72650 15.148 0.006
2298.76883 15.147 0.006
2300.72186 14.807 0.006
2300.73701 14.815 0.006
2302.69966 15.122 0.006
2302.71364 15.132 0.006
2304.74400 14.764 0.006
2304.75784 14.767 0.006
2315.64475 15.136 0.006
2321.67232 14.756 0.006
2323.58860 15.052 0.006
2327.55888 15.004 0.006
2327.57405 15.009 0.006
2333.56807 15.062 0.007
2333.58404 15.052 0.006
2339.54453 14.865 0.006
2339.56040 14.854 0.006
2345.52147 15.116 0.006
2351.49958 14.702 0.006
2369.49709 14.856 0.006
2385.48276 14.725 0.006
2395.51674 14.904 0.006
2526.90888 14.750 0.006
2529.82839 15.126 0.006
2539.83086 14.721 0.006
2542.88757 15.124 0.006
2552.83892 14.692 0.006
2552.85406 14.686 0.006
2556.83044 14.796 0.006
2556.84544 14.790 0.006
2559.88101 15.117 0.006
2560.75386 15.087 0.006
2564.84693 15.135 0.006
2564.86210 15.122 0.006
2573.84610 14.927 0.006
2573.85995 14.908 0.006
2578.77042 14.709 0.006
2578.78433 14.708 0.006
2583.82488 14.852 0.006
2583.83871 14.841 0.006
2589.85777 15.115 0.006
2590.74381 15.058 0.006
2596.74113 14.859 0.006
2596.75643 14.862 0.006
2605.74414 14.928 0.006
2605.78368 14.940 0.006
2609.74038 14.883 0.006
2609.75581 14.888 0.006
2614.70651 14.990 0.006
2614.71785 14.987 0.006
2618.73078 14.952 0.006
2618.77304 14.955 0.006
2621.64019 14.707 0.006
2623.82197 15.077 0.006
2624.60386 15.152 0.006
2627.68528 15.015 0.006
2627.69980 15.017 0.006
2629.70831 14.811 0.006
2629.72274 14.802 0.006
2634.76299 14.748 0.006
2635.68212 14.922 0.006
2635.69591 14.931 0.006
2638.65320 14.690 0.006
2638.66690 14.687 0.006
2639.65332 14.865 0.006
2640.76380 15.051 0.006
2641.72112 15.136 0.006
2642.72260 14.719 0.006
2643.72981 14.818 0.006
2644.72530 14.997 0.006
2645.71734 15.121 0.006
2646.70083 14.934 0.006
2647.67514 14.751 0.006
2650.73508 15.087 0.006
2650.83682 15.046 0.006
2652.73791 14.905 0.006
2652.78900 14.914 0.006
2654.67274 15.145 0.006
2654.75142 15.145 0.006
2656.64568 14.839 0.006
2656.66072 14.840 0.006
2658.60869 15.129 0.007
2658.62247 15.136 0.006
2660.62612 14.773 0.006
2660.64079 14.775 0.006
2662.60897 15.099 0.006
2662.65173 15.113 0.006
2664.61653 14.722 0.006
2664.63042 14.722 0.006
2666.67473 15.066 0.006
2666.69516 15.090 0.006
2668.66349 14.693 0.006
2668.68128 14.677 0.006
2670.62961 15.017 0.006
2670.64338 15.035 0.006
2672.73889 14.714 0.006
2672.78217 14.703 0.006
2674.63727 14.986 0.006
2674.68293 14.987 0.006
2676.62384 14.995 0.006
2676.67201 14.961 0.006
2678.71152 14.953 0.006
2678.72530 14.956 0.006
2680.62219 15.118 0.006
2680.63604 15.119 0.006
2682.67330 14.894 0.006
2682.68467 14.897 0.006
2687.54583 14.991 0.006
2687.56098 14.994 0.006
2693.52022 15.110 0.006
2696.53896 15.055 0.006
2696.55689 15.049 0.006
2701.52111 15.138 0.006
2701.53850 15.138 0.006
2707.51852 14.736 0.006
2707.54029 14.734 0.006
2714.51745 15.146 0.007
2714.53240 15.151 0.006
2839.90897 14.722 0.006
2840.90657 14.824 0.006
2867.91898 15.034 0.006
2885.85768 15.139 0.006
2888.91302 14.969 0.006
2892.88620 14.921 0.006
2894.84807 15.133 0.006
2897.85516 15.026 0.006
2899.84965 14.759 0.006
2903.90095 14.943 0.006
2905.83865 14.933 0.006
2907.77537 15.134 0.006
2908.89970 14.711 0.006
2911.79798 15.145 0.006
2911.81281 15.155 0.006
2916.84818 14.875 0.006
2916.86323 14.863 0.006
2922.83204 14.901 0.006
2922.84691 14.914 0.006
2926.75945 14.845 0.006
2926.77861 14.860 0.006
2930.83318 14.804 0.006
2930.84830 14.792 0.006
2933.87759 14.971 0.006
2934.75027 14.722 0.006
2940.71514 15.016 0.006
2940.72982 15.029 0.006
2943.73540 14.806 0.006
2947.72904 14.750 0.006
2947.74402 14.750 0.006
2949.81919 15.094 0.006
2953.68594 15.043 0.006
2953.70121 15.046 0.006
2956.71174 14.830 0.006
2956.72656 14.840 0.006
2958.73804 15.125 0.006
2958.75289 15.138 0.006
2962.74989 15.109 0.006
2962.76465 15.115 0.006
2965.76931 14.916 0.006
2965.78840 14.920 0.006
2968.65427 14.687 0.006
2968.71288 14.690 0.006
2973.67310 14.795 0.006
2973.85293 14.832 0.006
2975.84208 15.128 0.006
2975.85720 15.126 0.006
2976.79163 14.936 0.006
2976.83737 14.902 0.006
2978.69928 14.933 0.006
2978.85698 14.962 0.006
2980.71172 15.128 0.006
2982.68907 14.884 0.006
2982.70444 14.884 0.006
2984.73662 15.143 0.006
2984.75158 15.148 0.006
2986.81922 14.855 0.006
2988.78381 15.132 0.006
2988.80462 15.148 0.006
2989.75988 14.853 0.006
2989.80697 14.809 0.006
2991.64013 14.943 0.006
2991.65507 14.939 0.006
2993.62755 15.095 0.006
2993.64237 15.106 0.006
2995.72784 14.916 0.006
2995.74333 14.917 0.006
2997.70612 15.138 0.006
2997.72100 15.139 0.006
2999.68517 14.854 0.006
2999.72874 14.868 0.006
3001.76499 15.140 0.006
3001.77999 15.147 0.006
3003.73565 14.809 0.006
3003.75071 14.806 0.006
3005.64092 15.107 0.006
3005.71257 15.126 0.006
3007.63393 14.735 0.006
3007.67400 14.742 0.006
3009.63178 15.070 0.006
3009.74028 15.089 0.006
3011.71598 14.701 0.006
3011.73134 14.709 0.006
3013.72044 15.040 0.006
3013.73553 15.052 0.006
3017.72191 15.005 0.006
3017.73687 15.004 0.006
3019.64987 14.945 0.006
3019.66492 14.927 0.006
3021.76865 14.961 0.006
3021.78349 14.965 0.006
3023.63044 15.107 0.006
3023.64525 15.112 0.006
3024.83157 14.737 0.006
3024.84636 14.731 0.006
3026.82826 15.081 0.006
3027.66252 15.142 0.006
3029.63259 14.832 0.006
3029.64752 14.840 0.006
3031.70257 15.142 0.006
3031.71748 15.145 0.006
3033.76606 14.810 0.006
3033.78111 14.804 0.006
3035.77311 15.114 0.006
3035.78796 15.122 0.006
3038.75060 14.942 0.006
3038.76558 14.942 0.006
3040.72125 15.118 0.006
3041.60606 14.697 0.006
3043.64014 15.029 0.006
3044.59906 15.141 0.006
3045.68806 14.719 0.006
3045.70306 14.715 0.006
3047.64177 14.993 0.006
3047.65678 15.009 0.006
3048.58553 15.119 0.006
3049.64749 14.951 0.006
3050.60386 14.751 0.006
3051.61569 14.939 0.006
3052.60101 15.084 0.006
3054.60161 14.708 0.006
3055.60914 14.883 0.006
3056.59893 15.055 0.006
3057.63462 15.135 0.006
3058.59295 14.697 0.006
3059.57848 14.824 0.006
3060.64252 15.007 0.006
3061.57152 15.130 0.007
3068.51288 14.894 0.006
3068.52842 14.901 0.006
3070.56855 15.135 0.006
3070.58935 15.138 0.006
3073.56925 15.023 0.006
3073.62057 15.020 0.006
3075.68223 14.719 0.006
3076.52054 14.792 0.006
3078.61422 15.121 0.006
3078.62954 15.120 0.006
3082.59175 15.084 0.006
3082.60738 15.090 0.006
3084.66878 14.708 0.006
3085.50843 14.865 0.006
3087.63148 15.147 0.006
3087.64667 15.129 0.006
3090.59487 14.997 0.006
3090.61065 14.990 0.006
3096.52864 15.106 0.006
3099.58291 15.074 0.006
3099.59791 15.071 0.006
3102.56167 14.849 0.006
3102.57706 14.849 0.006
3104.56377 15.138 0.006
3105.59440 14.783 0.006
3108.57235 15.108 0.006
3110.54551 14.735 0.006
3112.54964 15.086 0.006
3113.52340 15.129 0.006
3116.53102 15.028 0.006
3127.49841 14.709 0.006
3128.49523 14.886 0.006
3140.48705 14.730 0.006
3140.50295 14.735 0.006
3216.86713 14.934 0.006
3223.88727 15.080 0.006
3241.87350 15.148 0.006
3241.91011 15.128 0.006
3248.83692 14.951 0.006
3248.85229 14.949 0.006
3257.86477 15.014 0.006
3257.88065 15.022 0.006
3263.91076 15.007 0.006
3264.80199 14.731 0.006
3270.85373 15.037 0.006
3270.86874 15.029 0.006
3273.90175 14.833 0.006
3274.75445 14.971 0.006
3277.83778 14.753 0.006
3277.87644 14.757 0.006
3281.88153 14.714 0.006
3281.89645 14.699 0.006
3287.74260 14.998 0.006
3287.75817 14.988 0.006
3295.69485 14.903 0.006
3295.71655 14.879 0.006
3297.69338 15.141 0.006
3299.75787 14.856 0.006
3301.75536 15.131 0.006
3301.77009 15.135 0.006
3304.81127 14.986 0.006
3304.83042 14.982 0.006
3307.68612 14.727 0.006
3307.70395 14.725 0.006
3309.72150 15.085 0.006
3309.73618 15.080 0.006
3311.71936 14.693 0.006
3311.73419 14.693 0.006
3320.76215 14.768 0.006
3320.77710 14.732 0.006
3323.69696 15.120 0.006
3327.73371 15.141 0.006
3327.74911 15.148 0.006
3330.69256 15.008 0.006
3330.70775 15.003 0.006
3334.79180 14.977 0.006
3334.80665 14.981 0.006
3338.83828 14.947 0.006
3338.85512 14.939 0.006
3339.75445 15.075 0.006
3340.85336 15.115 0.006
3354.71821 14.707 0.006
3354.77038 14.703 0.006
3358.79979 14.695 0.006
3358.81657 14.684 0.006
3361.83197 15.149 0.006
3361.84744 15.145 0.006
3365.73437 15.114 0.006
3365.74913 15.112 0.006
3372.75069 14.875 0.006
3372.76554 14.872 0.006
3378.66340 15.114 0.006
3378.67818 15.106 0.006
3387.64997 15.143 0.006
3387.66497 15.139 0.006
3391.73111 15.138 0.006
3391.74596 15.135 0.006
3394.74267 14.968 0.006
3395.70854 15.099 0.006
3396.62266 15.099 0.006
3399.69990 15.069 0.006
3399.71476 15.061 0.006
3403.68717 15.024 0.006
3403.70206 15.029 0.006
3406.67091 14.792 0.006
3408.59659 15.092 0.006
3410.62464 14.744 0.006
3412.64180 15.087 0.006
3415.62184 14.863 0.006
3417.56923 15.136 0.006
3425.57748 15.096 0.006
3427.58554 14.700 0.006
3431.53918 14.716 0.006
3433.60812 15.013 0.006
3437.54096 14.957 0.006
3438.53736 15.096 0.006
3445.56090 14.860 0.006
3455.51785 15.084 0.006
3460.49461 15.144 0.006
3461.51188 14.722 0.006
3477.48933 15.134 0.006
3575.92977 15.123 0.006
3583.93144 15.051 0.006
3592.92165 15.100 0.006
3593.92968 15.050 0.006
3601.86664 15.136 0.006
3601.92169 15.135 0.006
3618.90071 15.135 0.006
3619.82363 14.933 0.006
3629.88196 14.861 0.006
3629.89711 14.833 0.006
3633.86213 14.792 0.006
3634.84854 14.972 0.006
3639.77461 15.061 0.006
3639.84187 15.064 0.006
3644.79665 15.137 0.006
3644.81122 15.134 0.006
3650.88549 14.758 0.006
3651.75357 14.942 0.006
3654.78641 14.702 0.006
3654.80191 14.716 0.006
3657.86697 15.142 0.006
3658.76593 14.703 0.006
3660.80143 15.008 0.006
3661.83667 15.144 0.006
3664.83652 14.963 0.006
3668.79446 14.915 0.006
3668.80936 14.904 0.006
3672.78267 14.861 0.006
3672.79764 14.847 0.006
3675.86234 14.720 0.006
3676.75441 14.783 0.006
3684.77048 14.703 0.006
3684.81644 14.699 0.006
3687.77612 15.145 0.006
3687.79089 15.151 0.006
3690.69598 14.990 0.006
3690.71071 14.982 0.006
3693.72995 14.764 0.006
3693.74476 14.770 0.006
3695.75148 15.089 0.006
3695.77753 15.093 0.006
3698.74425 14.903 0.006
3698.75926 14.904 0.006
3700.77308 15.131 0.006
3700.78785 15.135 0.006
3702.86072 14.874 0.006
3703.71872 15.016 0.006
3705.76750 14.775 0.006
3705.78588 14.763 0.006
3708.72607 15.113 0.006
3708.77382 15.104 0.006
3712.71295 15.072 0.006
3712.73146 15.077 0.006
3714.72330 14.696 0.006
3714.80167 14.697 0.006
3717.63939 15.138 0.006
3717.66413 15.138 0.006
3719.81657 14.834 0.006
3719.83664 14.840 0.006
3721.79756 15.138 0.006
3725.81046 15.094 0.006
3726.69340 15.116 0.006
3727.78288 14.716 0.006
3730.67829 15.140 0.006
3730.72572 15.139 0.006
3732.70303 14.834 0.006
3732.71776 14.846 0.006
3734.80107 15.131 0.006
3734.84860 15.145 0.006
3736.81733 14.811 0.006
3737.70570 14.969 0.006
3737.74958 14.975 0.006
3739.80479 14.969 0.006
3739.81957 14.955 0.006
3741.83248 14.947 0.006
3742.69068 15.066 0.006
3743.72961 15.148 0.006
3745.76633 14.874 0.006
3746.77208 15.054 0.006
3747.76899 15.137 0.006
3748.72533 14.729 0.006
3749.66076 14.808 0.006
3749.73036 14.818 0.006
3750.74573 14.987 0.006
3751.74223 15.120 0.006
3752.75643 14.894 0.006
3753.69377 14.757 0.006
3754.77416 14.947 0.006
3755.69410 15.103 0.006
3756.59767 15.121 0.006
3757.68462 14.705 0.006
3758.77055 14.897 0.006
3759.74932 15.058 0.006
3761.78296 14.686 0.006
3762.77094 14.856 0.006
3764.73741 15.127 0.006
3765.75804 14.786 0.006
3767.59723 14.942 0.006
3770.61494 14.716 0.006
3770.63047 14.729 0.006
3773.61777 15.130 0.006
3773.69656 15.135 0.006
3776.61720 15.019 0.006
3776.66687 15.035 0.006
3779.60676 14.791 0.006
3779.62144 14.798 0.006
3782.65747 14.986 0.006
3782.73236 14.945 0.006
3787.58245 14.702 0.006
3787.59826 14.696 0.006
3792.53421 14.804 0.006
3792.54899 14.817 0.006
3800.53095 14.705 0.006
3809.52346 14.774 0.006
3809.53824 14.786 0.006
3822.50926 14.803 0.006
3823.49828 14.978 0.006
3946.90560 14.815 0.006
3964.86237 14.962 0.006
3964.87699 14.969 0.006
3969.88648 15.075 0.006
3969.90105 15.074 0.006
3980.91751 14.760 0.006
3981.86125 14.940 0.006
3989.88827 14.837 0.006
3989.90419 14.841 0.006
3998.86793 14.913 0.006
3999.83042 15.065 0.006
4001.86497 14.689 0.006
4001.87946 14.677 0.006
4004.84342 15.129 0.006
4005.84259 14.785 0.006
4005.85738 14.761 0.006
4007.84679 14.978 0.006
4008.72368 15.107 0.006
4011.84705 14.932 0.006
4011.89053 14.940 0.006
4018.83862 14.709 0.006
4018.85329 14.693 0.006
4023.87075 14.776 0.006
4023.88564 14.777 0.006
4026.77922 15.100 0.006
4026.79383 15.093 0.006
4029.72048 15.037 0.006
4029.74303 15.055 0.006
4031.80082 14.690 0.006
4031.81642 14.679 0.006
4038.70991 15.098 0.006
4038.72442 15.096 0.006
4041.67106 14.904 0.006
4041.68572 14.908 0.006
4043.67543 15.135 0.006
4043.69057 15.145 0.006
4046.76752 15.038 0.006
4046.78230 15.025 0.006
4048.85704 14.704 0.006
4049.65326 14.780 0.006
4052.69997 15.005 0.006
4052.71462 15.000 0.006
4054.68692 14.930 0.006
4054.70142 14.930 0.006
4056.74396 15.114 0.006
4056.75944 15.120 0.006
4058.77708 14.893 0.006
4058.79177 14.872 0.006
4063.67583 14.988 0.006
4063.69041 14.997 0.006
4065.86357 14.776 0.006
4066.73310 14.776 0.006
4066.74772 14.780 0.006
4068.65259 15.090 0.006
4068.82062 15.111 0.006
4070.66307 14.711 0.006
4070.67770 14.709 0.006
4073.82244 15.124 0.006
4073.85150 15.129 0.006
4074.74531 14.674 0.006
4076.79057 15.035 0.006
4077.79378 15.142 0.006
4079.75295 14.797 0.006
4079.83872 14.802 0.006
4083.66974 14.731 0.006
4083.68433 14.721 0.006
4085.73526 15.080 0.006
4085.75003 15.086 0.006
4092.85371 14.849 0.006
4093.73455 14.997 0.006
4102.83024 15.071 0.006
4102.84709 15.083 0.006
4105.68915 14.855 0.006
4105.80714 14.869 0.006
4109.76230 14.805 0.006
4109.77704 14.796 0.006
4113.71803 14.749 0.006
4113.73274 14.731 0.006
4120.74843 15.129 0.006
4120.76305 15.132 0.006
4122.70488 14.818 0.006
4122.71956 14.812 0.006
4125.75611 14.876 0.006
4125.77379 14.854 0.006
4131.60945 14.884 0.006
4132.66151 15.045 0.006
4142.64609 15.049 0.006
4142.71242 15.003 0.006
4156.53278 14.735 0.006
4156.54752 14.744 0.006
4166.57400 14.994 0.006
4168.50215 14.985 0.006
4196.52349 14.990 0.007
4197.48146 15.119 0.006
4340.88883 14.736 0.006
4341.89938 14.932 0.006
4341.91385 14.930 0.006
4343.81836 15.144 0.006
4344.87322 14.698 0.006
4345.91179 14.876 0.006
4346.84073 15.024 0.007
4347.84928 15.142 0.006
4347.86379 15.139 0.006
4348.84243 14.746 0.006
4349.84267 14.813 0.006
4350.92002 14.998 0.006
4353.79875 14.744 0.006
4353.90325 14.765 0.006
4354.88699 14.944 0.006
4357.89321 14.718 0.006
4358.89322 14.897 0.006
4358.89707 14.895 0.006
4361.85470 14.700 0.006
4362.80921 14.828 0.006
4363.87230 15.024 0.006
4364.86151 15.134 0.006
4366.83629 14.784 0.006
4367.77387 14.950 0.006
4367.88597 14.971 0.006
4368.88753 15.111 0.007
4369.80950 15.073 0.007
4370.81063 14.722 0.006
4371.75122 14.911 0.006
4371.85578 14.918 0.006
4373.78127 15.137 0.006
4377.79163 15.134 0.006
4377.80607 15.136 0.006
4380.80812 14.978 0.006
4380.82259 14.984 0.006
4386.78375 15.117 0.006
4386.79827 15.123 0.006
4390.74574 15.144 0.006
4390.76021 15.145 0.006
4393.85983 15.006 0.006
4394.71634 15.132 0.006
4398.87111 15.103 0.006
4399.73431 15.106 0.006
4403.87805 15.130 0.007
4404.73250 14.706 0.006
4411.86956 15.115 0.007
4412.71281 15.071 0.006
4418.79071 14.875 0.006
4418.80622 14.881 0.006
4421.85201 14.699 0.006
4422.85678 14.838 0.006
4426.73512 14.765 0.006
4426.74994 14.754 0.006
4429.84110 15.068 0.007
4429.85639 15.065 0.006
4430.67642 14.702 0.006
4432.72195 15.049 0.006
4432.73652 15.056 0.006
4436.76134 15.015 0.006
4436.77642 15.019 0.006
4439.82691 14.802 0.006
4439.84150 14.808 0.006
4440.86315 14.986 0.007
4441.65288 15.099 0.006
4442.67487 15.077 0.006
4443.65039 14.732 0.006
4443.72136 14.727 0.006
4444.82951 14.936 0.006
4448.69507 14.857 0.006
4449.69242 15.027 0.006
4449.74257 15.027 0.006
4450.70540 15.130 0.007
4451.64044 14.809 0.006
4451.70214 14.767 0.006
4451.78230 14.721 0.006
4452.85345 14.827 0.006
4453.62932 14.965 0.006
4454.65323 15.108 0.006
4454.81614 15.118 0.006
4455.63979 15.025 0.006
4455.70128 14.988 0.006
4455.77685 14.926 0.006
4456.72045 14.741 0.006
4456.81069 14.773 0.006
4456.85814 14.777 0.006
4457.69528 14.941 0.006
4457.73173 14.942 0.006
4457.84503 14.960 0.006
4458.61771 15.071 0.006
4459.60194 15.138 0.006
4459.74640 15.103 0.006
4459.80854 15.085 0.006
4460.80337 14.705 0.006
4461.57252 14.862 0.006
4462.63270 15.030 0.006
4462.78237 15.047 0.006
4463.62613 15.128 0.006
4463.72163 15.147 0.006
4464.62379 14.728 0.006
4464.76580 14.694 0.006
4465.64302 14.813 0.006
4466.63614 14.991 0.006
4466.71063 15.009 0.006
4466.73635 15.004 0.006
4467.60362 15.121 0.006
4467.67235 15.119 0.006
4468.63641 14.935 0.006
4469.62083 14.772 0.006
4470.60860 14.950 0.006
4470.65806 14.958 0.006
4470.79863 14.972 0.006
4471.59865 15.089 0.006
4471.76477 15.110 0.006
4472.59938 15.107 0.006
4472.77208 15.033 0.006
4473.68604 14.722 0.006
4473.70083 14.725 0.006
4477.74419 14.687 0.006
4477.75926 14.689 0.006
4481.68174 14.786 0.006
4482.76311 14.801 0.006
4485.72982 14.970 0.006
4486.74015 14.751 0.006
4489.71331 15.120 0.007
4491.71438 14.894 0.006
4493.70314 15.138 0.006
4494.65968 14.721 0.006
4498.67964 14.903 0.006
4498.69331 14.892 0.006
4501.67697 15.102 0.006
4501.69057 15.106 0.006
4506.61091 15.148 0.006
4506.62467 15.147 0.006
4508.62813 14.843 0.006
4508.64771 14.843 0.006
4510.70133 15.131 0.006
4510.71642 15.142 0.006
4517.65064 14.927 0.006
4521.61145 14.871 0.006
4521.63026 14.869 0.006
4523.62728 15.139 0.006
4524.59385 14.767 0.006
4525.54669 14.802 0.006
4530.61735 14.947 0.006
4531.56873 15.089 0.006
4532.64558 15.104 0.006
4533.57108 14.674 0.006
4535.61458 15.049 0.006
4536.61782 15.144 0.006
4537.62112 14.705 0.006
4539.49980 14.997 0.006
4539.54008 14.996 0.006
4541.59235 14.868 0.006
4541.60896 14.866 0.006
