 455.68304 14.988 0.006
 456.68906 15.058 0.006
 456.79860 15.055 0.006
 457.59084 14.987 0.006
 457.63475 14.981 0.006
 457.69340 14.972 0.006
 457.75200 14.961 0.006
 457.81064 14.945 0.006
 457.84011 14.942 0.006
 458.66720 14.885 0.006
 458.73630 14.899 0.006
 459.58444 14.952 0.006
 459.63058 14.962 0.006
 459.68915 14.958 0.006
 459.74859 14.960 0.006
 459.79245 14.969 0.006
 459.83625 14.967 0.006
 461.59533 15.052 0.006
 461.63911 15.042 0.006
 461.69777 15.038 0.006
 461.76731 15.025 0.006
 461.82595 15.017 0.006
 462.59588 14.893 0.006
 462.65449 14.889 0.006
 462.70046 14.885 0.006
 465.70255 15.062 0.006
 465.74700 15.060 0.006
 465.83176 15.064 0.006
 466.68302 14.932 0.006
 466.74957 14.911 0.006
 466.83457 14.914 0.006
 467.68668 14.906 0.006
 467.79128 14.907 0.006
 467.85724 14.922 0.006
 468.69760 14.980 0.006
 468.76351 14.973 0.006
 468.82213 14.995 0.006
 468.85874 14.991 0.006
 469.69427 15.053 0.006
 469.77240 15.061 0.006
 469.84138 15.055 0.006
 470.77297 14.981 0.006
 471.68011 14.879 0.006
 471.81686 14.889 0.006
 472.65475 14.949 0.006
 472.69852 14.940 0.006
 472.74234 14.947 0.006
 472.80825 14.953 0.006
 472.83775 14.961 0.006
 473.72228 15.019 0.006
 474.73431 15.043 0.006
 475.56862 14.909 0.006
 475.62738 14.897 0.006
 475.69348 14.899 0.006
 475.74565 14.883 0.006
 476.77965 14.929 0.006
 477.56537 14.991 0.006
 477.61669 14.993 0.006
 477.76413 15.008 0.006
 477.84496 15.013 0.006
 478.57152 15.055 0.006
 478.79190 15.060 0.006
 478.85086 15.059 0.006
 479.57033 14.976 0.006
 479.61418 14.964 0.006
 479.73341 14.945 0.006
 479.85181 14.917 0.006
 480.60638 14.900 0.006
 480.68755 14.898 0.006
 480.78115 14.898 0.006
 480.82525 14.904 0.006
 481.59157 14.956 0.006
 481.73996 14.975 0.006
 481.78396 14.972 0.006
 481.82786 14.979 0.006
 482.74081 15.039 0.006
 482.81871 15.059 0.006
 483.60707 15.039 0.006
 483.65152 15.030 0.006
 483.69543 15.017 0.006
 483.73935 15.015 0.006
 483.78329 15.001 0.006
 483.82721 15.002 0.006
 484.60580 14.887 0.006
 484.71446 14.877 0.006
 484.75880 14.880 0.006
 484.80280 14.880 0.006
 485.60939 14.938 0.006
 485.75632 14.951 0.006
 485.80045 14.955 0.006
 486.60590 15.010 0.006
 486.69226 15.019 0.006
 486.74800 15.022 0.006
 486.79315 15.020 0.006
 487.63294 15.054 0.006
 487.68112 15.058 0.006
 487.72898 15.056 0.006
 487.77307 15.057 0.006
 487.81722 15.052 0.006
 488.61839 14.925 0.006
 488.66231 14.919 0.006
 488.73116 14.911 0.006
 488.77517 14.897 0.006
 488.81922 14.891 0.006
 489.59409 14.904 0.006
 489.68309 14.909 0.006
 489.72704 14.914 0.006
 489.77094 14.914 0.006
 490.58734 14.979 0.006
 490.72453 14.981 0.006
 490.76860 14.997 0.006
 490.81262 15.003 0.006
 491.61189 15.050 0.006
 491.66366 15.053 0.006
 491.70784 15.055 0.006
 491.82120 15.069 0.006
 492.59601 14.999 0.006
 492.67034 14.984 0.006
 493.59907 14.887 0.006
 493.64353 14.883 0.006
 494.59379 14.958 0.006
 494.63772 14.952 0.006
 494.68190 14.960 0.006
 494.72627 14.964 0.006
 494.77121 14.962 0.006
 495.59658 15.022 0.006
 495.67021 15.033 0.006
 495.72369 15.042 0.006
 496.59192 15.061 0.006
 496.63671 15.050 0.006
 496.68079 15.055 0.006
 496.72572 15.046 0.006
 497.69475 14.890 0.006
 498.59102 14.916 0.006
 498.63507 14.919 0.006
 498.74881 14.934 0.006
 498.79275 14.926 0.006
 499.58599 14.993 0.006
 499.63168 15.001 0.006
 499.77198 15.003 0.006
 500.54066 15.061 0.006
 500.58465 15.065 0.006
 500.62867 15.073 0.006
 500.67361 15.071 0.006
 500.72471 15.061 0.006
 500.76919 15.052 0.006
 501.59287 14.948 0.006
 501.71162 14.926 0.006
 507.58132 14.949 0.006
 507.62649 14.949 0.006
 507.69829 14.957 0.006
 509.57714 15.060 0.006
 509.62427 15.065 0.006
 509.67660 15.066 0.006
 510.61878 14.904 0.006
 510.66434 14.901 0.006
 510.71192 14.888 0.006
 511.70422 14.927 0.006
 512.61097 14.988 0.006
 512.65921 14.993 0.006
 512.73355 14.999 0.006
 513.59122 15.071 0.006
 513.63678 15.058 0.006
 513.72849 15.059 0.006
 514.59944 14.969 0.006
 514.66852 14.965 0.006
 514.71887 14.945 0.006
 514.76574 14.936 0.006
 515.59357 14.895 0.006
 515.64835 14.888 0.006
 515.69658 14.890 0.006
 516.59989 14.965 0.006
 516.65409 14.963 0.006
 516.70107 14.960 0.006
 516.74758 14.971 0.006
 517.59789 15.043 0.006
 517.64770 15.041 0.006
 517.69770 15.036 0.006
 517.74386 15.033 0.006
 518.63524 15.038 0.006
 518.68048 15.028 0.006
 518.72956 15.009 0.006
 519.59584 14.885 0.006
 519.64250 14.888 0.006
 519.72490 14.886 0.006
 520.73665 14.949 0.006
 521.59218 15.005 0.006
 521.63727 15.037 0.006
 521.70007 15.023 0.006
 523.60146 14.931 0.006
 523.65441 14.918 0.006
 523.70429 14.916 0.006
 524.59393 14.900 0.006
 524.64385 14.921 0.006
 526.58081 15.050 0.006
 527.70597 14.980 0.006
 530.59613 15.022 0.006
 531.59355 15.043 0.006
 532.58301 14.897 0.006
 533.60023 14.921 0.006
 534.58946 15.003 0.006
 534.63354 14.996 0.006
 534.68531 14.996 0.006
 535.57403 15.059 0.006
 535.63429 15.075 0.006
 536.55317 14.964 0.006
 536.59832 14.948 0.006
 536.64888 14.944 0.006
 537.54776 14.890 0.006
 537.64798 14.890 0.006
 538.53579 14.974 0.006
 538.58751 14.973 0.006
 539.54437 15.036 0.006
 539.65546 15.042 0.006
 540.66120 15.010 0.006
 541.55473 14.888 0.006
 541.61179 14.893 0.006
 542.54386 14.936 0.006
 542.59571 14.939 0.006
 542.64319 14.935 0.006
 543.58212 15.014 0.006
 543.66320 15.024 0.006
 544.53483 15.062 0.006
 544.57914 15.057 0.006
 544.62342 15.055 0.006
 544.66867 15.042 0.006
 551.52459 14.949 0.006
 552.53606 15.022 0.006
 553.54140 15.045 0.006
 554.51810 14.887 0.006
 554.60356 14.893 0.006
 555.52448 14.931 0.006
 557.62502 15.066 0.006
 558.57179 14.941 0.006
 559.55563 14.888 0.006
 560.53364 14.962 0.006
 561.53367 15.035 0.006
 562.53521 15.025 0.006
 564.53643 14.949 0.006
 565.54219 15.007 0.006
 566.53618 15.049 0.006
 567.53726 14.900 0.006
 568.52253 14.908 0.006
 569.53232 14.989 0.006
 571.51815 14.972 0.006
 572.54862 14.882 0.006
 574.51070 15.036 0.006
 575.50930 15.048 0.006
 577.51824 14.928 0.006
 578.53181 15.018 0.006
 582.51396 14.977 0.006
 583.51670 15.058 0.006
 672.90220 14.878 0.006
 689.88619 14.941 0.006
 699.88744 14.912 0.006
 701.85303 15.050 0.006
 704.89558 14.959 0.006
 706.87697 15.040 0.006
 714.85281 15.049 0.006
 716.80900 14.883 0.006
 720.86532 14.880 0.006
 728.80419 15.030 0.006
 729.80423 14.887 0.006
 730.75976 14.935 0.006
 733.85076 14.920 0.006
 741.85403 15.045 0.006
 745.80885 15.051 0.006
 747.85723 14.899 0.006
 753.81108 15.011 0.006
 766.81976 15.010 0.006
 772.83891 14.985 0.006
 775.82063 15.023 0.006
 779.83929 14.996 0.006
 787.81566 14.935 0.006
 789.79969 15.058 0.006
 790.81014 14.905 0.006
 795.76779 14.882 0.006
 796.83968 14.955 0.006
 797.76749 15.023 0.006
 798.73941 15.042 0.006
 805.82430 14.980 0.006
 816.79530 14.953 0.006
 817.71454 14.889 0.006
 819.81422 15.046 0.006
 822.82842 14.934 0.006
 824.85767 15.058 0.006
 826.68115 14.903 0.006
 829.78362 14.987 0.006
 832.70799 15.023 0.006
 836.80678 14.999 0.006
 840.68615 14.965 0.006
 843.68659 14.880 0.006
 850.66019 15.054 0.006
 854.69800 15.022 0.006
 855.66490 15.040 0.006
 856.63122 14.890 0.006
 858.60376 15.008 0.006
 864.75386 15.014 0.006
 875.57910 14.962 0.006
 880.56465 15.001 0.006
 887.57805 14.887 0.006
 892.70626 14.934 0.006
 895.55238 14.979 0.006
 898.55929 15.049 0.006
 918.54751 14.914 0.006
 922.62661 14.879 0.006
 928.55252 14.999 0.006
 933.58422 15.043 0.006
 947.52387 15.056 0.006
 952.51773 14.967 0.006
1045.91237 14.933 0.006
1051.89260 15.042 0.006
1053.90806 14.883 0.006
1054.92374 14.948 0.006
1055.89624 15.040 0.006
1059.90901 14.990 0.006
1061.91874 14.968 0.006
1069.86621 15.065 0.006
1087.83834 15.027 0.006
1091.84088 15.064 0.006
1102.82326 14.922 0.006
1106.87830 14.893 0.006
1107.80607 14.967 0.006
1113.81883 15.058 0.006
1119.82357 14.896 0.006
1128.83180 14.904 0.006
1131.71739 15.015 0.006
1132.76943 14.885 0.006
1136.80270 14.894 0.006
1138.82912 15.004 0.006
1142.69382 14.959 0.006
1144.76274 15.032 0.006
1151.78861 14.989 0.006
1155.78790 14.956 0.006
1158.78540 14.891 0.006
1161.76329 15.062 0.006
1165.78404 15.045 0.006
1169.77892 15.032 0.006
1174.75271 15.055 0.006
1179.76961 15.026 0.006
1181.84168 14.938 0.006
1186.79605 14.991 0.006
1187.85731 15.057 0.006
1192.70318 15.044 0.006
1196.73611 15.063 0.006
1201.74492 15.030 0.006
1203.76475 14.946 0.006
1207.62162 14.903 0.006
1211.65938 14.891 0.006
1214.66028 15.041 0.006
1217.63509 15.002 0.006
1220.63997 14.898 0.006
1223.66619 15.008 0.006
1225.60718 14.936 0.006
1227.68762 15.064 0.006
1231.58357 15.050 0.006
1234.63181 14.957 0.006
1236.63931 15.037 0.006
1240.59174 15.066 0.006
1242.69343 14.912 0.006
1244.64306 15.050 0.006
1247.57364 14.952 0.006
1256.55834 14.955 0.006
1260.58385 14.926 0.006
1265.55880 14.985 0.006
1274.52145 15.003 0.006
1277.54099 14.896 0.006
1281.55419 14.884 0.006
1288.53921 15.060 0.006
1290.60664 14.885 0.006
1296.54398 15.004 0.006
1298.58188 14.916 0.006
1301.52361 15.045 0.006
1305.56943 15.020 0.006
1308.49898 14.913 0.006
1313.54546 14.965 0.006
1316.53730 14.885 0.006
1319.51363 15.060 0.006
1329.49216 14.886 0.006
1332.47505 15.055 0.006
1340.48687 15.015 0.006
1412.87200 14.891 0.006
1418.86922 14.985 0.006
1431.85157 14.976 0.006
1432.85759 15.051 0.006
1435.83362 14.942 0.006
1437.81755 15.064 0.006
1440.86518 15.000 0.006
1446.87723 15.032 0.006
1447.90279 14.893 0.006
1451.89551 14.903 0.006
1459.80453 15.068 0.006
1462.80878 15.004 0.006
1470.86917 14.949 0.006
1475.78181 14.995 0.006
1478.73717 14.900 0.006
1481.71078 15.057 0.006
1484.86024 15.014 0.006
1487.74022 14.903 0.006
1490.73702 15.006 0.006
1492.73015 14.940 0.006
1495.72865 14.907 0.006
1499.68640 14.981 0.006
1502.68169 15.031 0.006
1505.72227 14.932 0.006
1507.85569 15.055 0.006
1510.83169 14.990 0.006
1512.72846 15.001 0.006
1514.83955 14.966 0.006
1517.67501 14.902 0.006
1519.74865 15.004 0.006
1521.68438 14.948 0.006
1523.80515 14.978 0.006
1525.79951 15.006 0.006
1527.72844 14.938 0.006
1528.77481 15.018 0.006
1529.79590 15.051 0.006
1531.78901 14.917 0.006
1538.74555 15.038 0.006
1541.70165 15.000 0.006
1542.73152 15.059 0.006
1544.65756 14.902 0.006
1547.78444 14.992 0.006
1548.76207 14.885 0.006
1549.75634 14.950 0.006
1552.62105 14.901 0.006
1554.74755 14.997 0.006
1555.75426 15.057 0.006
1562.75717 14.938 0.006
1564.63577 15.068 0.006
1567.72835 14.982 0.006
1570.63365 14.879 0.006
1574.74510 14.885 0.006
1577.69478 15.057 0.006
1580.73085 14.969 0.006
1583.61622 14.887 0.006
1586.63173 15.055 0.006
1589.62103 14.982 0.006
1592.61276 14.877 0.006
1593.65556 14.961 0.006
1595.65869 15.041 0.006
1599.59839 15.060 0.006
1601.67634 14.902 0.006
1604.55789 15.012 0.006
1606.59275 14.946 0.006
1609.63411 14.897 0.006
1610.61925 14.919 0.006
1613.51030 14.981 0.006
1615.54220 14.959 0.006
1617.61361 15.031 0.006
1619.59722 14.938 0.006
1620.54844 15.009 0.006
1622.49858 14.935 0.006
1624.49513 14.974 0.006
1626.49597 15.003 0.006
1627.61707 14.892 0.006
1629.49612 15.025 0.006
1630.56756 15.048 0.006
1632.51402 14.916 0.006
1634.49176 15.059 0.006
1645.53388 14.945 0.006
1646.48267 14.987 0.006
1654.52113 14.936 0.006
1656.50731 15.054 0.006
1659.51476 14.979 0.006
1661.53873 14.997 0.006
1663.56401 14.945 0.006
1667.50567 14.915 0.006
1670.52740 14.952 0.006
1673.49783 15.033 0.006
1681.46777 14.970 0.006
1691.50664 15.057 0.006
1769.85938 15.049 0.006
1771.88618 14.886 0.006
1772.86607 14.931 0.006
1775.86714 14.914 0.006
1784.85169 14.898 0.006
1789.84044 14.895 0.006
1804.79005 15.035 0.006
1808.87063 15.017 0.006
1812.78515 14.971 0.006
1816.79652 14.946 0.006
1821.78708 14.999 0.006
1823.82920 14.944 0.006
1826.81230 15.051 0.006
1829.78593 14.943 0.006
1830.79926 15.012 0.006
1834.83822 14.984 0.006
1845.83568 14.927 0.006
1851.83305 14.945 0.006
1856.73234 14.973 0.006
1859.77537 14.889 0.006
1861.79255 15.038 0.006
1864.77001 14.928 0.006
1865.75023 15.006 0.006
1867.80401 14.915 0.006
1868.78958 14.906 0.006
1870.72282 15.050 0.006
1871.80687 14.977 0.006
1873.76639 14.955 0.006
2115.93631 15.057 0.006
2116.93721 14.991 0.006
2122.92136 14.906 0.006
2128.92746 15.040 0.006
2130.91232 14.882 0.006
2131.91416 14.928 0.006
2132.90885 15.009 0.006
2134.91389 14.911 0.006
2135.92482 14.908 0.006
2140.91357 14.958 0.006
2142.90189 15.042 0.006
2143.90948 14.894 0.006
2144.91230 14.927 0.006
2156.88489 14.894 0.006
2161.84991 14.886 0.006
2173.86441 14.981 0.007
2190.80163 15.050 0.006
2192.83588 14.912 0.006
2201.82236 14.924 0.006
2214.80394 14.920 0.006
2224.75954 15.013 0.007
2227.66215 14.892 0.006
2229.67561 15.042 0.006
2230.81981 14.978 0.006
2232.83934 14.949 0.006
2234.83415 15.035 0.006
2237.75457 14.996 0.006
2241.67984 14.963 0.006
2243.73371 15.025 0.006
2248.81430 14.893 0.006
2250.80101 14.986 0.006
2252.66525 14.985 0.006
2254.65634 14.947 0.006
2257.66301 14.888 0.006
2260.66970 15.063 0.006
2264.67509 15.060 0.006
2266.66121 14.878 0.006
2270.65907 14.903 0.006
2271.80926 14.908 0.006
2272.81721 15.003 0.006
2274.64733 14.972 0.006
2276.76481 14.957 0.006
2277.81814 15.041 0.006
2279.83576 14.880 0.006
2280.80929 14.946 0.006
2282.69479 15.061 0.006
2283.86006 14.893 0.006
2288.76751 14.890 0.006
2290.80371 15.034 0.006
2292.77783 14.891 0.006
2296.76981 14.936 0.006
2298.72650 14.968 0.006
2300.73701 15.003 0.006
2302.71364 14.935 0.006
2304.75784 15.048 0.006
2315.64475 14.895 0.006
2323.58860 14.877 0.006
2327.57405 14.905 0.006
2333.58404 14.955 0.006
2339.56040 15.058 0.006
2345.52147 14.883 0.006
2351.49958 14.993 0.006
2369.49709 15.029 0.006
2385.48276 14.914 0.006
2529.82839 14.902 0.006
2539.83086 14.996 0.006
2545.80153 15.031 0.006
2552.85406 14.986 0.006
2556.84544 14.953 0.006
2560.75386 14.913 0.006
2564.86210 14.897 0.006
2573.85995 14.922 0.006
2578.78433 14.966 0.006
2583.83871 15.017 0.006
2590.74381 14.888 0.006
2596.75643 15.000 0.006
2605.78368 15.024 0.006
2609.75581 14.992 0.006
2614.71785 15.029 0.006
2618.77304 15.005 0.006
2621.69576 14.893 0.006
2624.60386 15.032 0.006
2627.69980 15.027 0.006
2629.72274 14.911 0.006
2638.66690 14.882 0.006
2640.76380 15.011 0.006
2642.72260 14.928 0.006
2644.72530 14.971 0.006
2650.73508 15.045 0.006
2652.78900 14.918 0.006
2654.75142 15.060 0.006
2656.66072 14.891 0.006
2658.62247 15.035 0.006
2660.64079 14.882 0.006
2662.65173 15.013 0.006
2664.63042 14.915 0.006
2666.69516 14.985 0.006
2668.68128 14.967 0.006
2670.64338 14.969 0.006
2672.78217 15.017 0.006
2674.68293 14.931 0.006
2676.67201 15.056 0.006
2678.72530 14.901 0.006
2680.63604 15.052 0.006
2682.68467 14.890 0.006
2687.56098 14.920 0.006
2693.52022 15.032 0.006
2696.55689 14.932 0.006
2701.53850 14.988 0.006
2707.54029 15.060 0.006
2714.53240 14.963 0.006
2839.90897 14.889 0.006
2867.88000 14.972 0.006
2885.85768 15.009 0.006
2892.88620 14.892 0.006
2897.85516 14.924 0.006
2903.90095 15.046 0.006
2907.77537 15.012 0.006
2911.81281 14.991 0.006
2916.86323 15.037 0.006
2922.84691 14.926 0.006
2926.77861 15.008 0.006
2934.75027 15.054 0.006
2940.72982 14.886 0.006
2943.73540 15.058 0.006
2947.74402 15.050 0.006
2953.70121 14.899 0.006
2958.75289 14.900 0.006
2962.76465 14.890 0.006
2965.78840 15.049 0.006
2968.65427 14.983 0.006
2973.67310 15.024 0.006
2975.85720 14.889 0.006
2976.79163 14.929 0.006
2978.69928 15.062 0.006
2980.71172 14.906 0.006
2984.75158 14.889 0.006
2988.80462 14.888 0.006
2989.75988 14.923 0.006
2991.65507 15.069 0.006
2995.74333 15.040 0.006
2997.72100 14.892 0.006
2999.68517 15.006 0.006
3001.77999 14.915 0.006
3003.75071 14.983 0.006
3005.71257 14.992 0.006
3007.63393 14.945 0.006
3009.63178 15.064 0.006
3011.73134 14.935 0.006
3013.73553 15.061 0.006
3017.73687 15.049 0.006
3019.66492 14.887 0.006
3021.78349 15.026 0.006
3023.64525 14.908 0.006
3024.84636 14.926 0.006
3027.66252 14.981 0.006
3029.64752 14.956 0.006
3031.71748 15.037 0.006
3033.78111 14.934 0.006
3035.78796 15.066 0.006
3038.76558 14.992 0.006
3041.60606 14.892 0.006
3043.64014 15.020 0.006
3045.70306 14.895 0.006
3047.65678 15.000 0.006
3048.58553 15.055 0.006
3050.60386 14.883 0.006
3052.60101 15.030 0.006
3054.60161 14.891 0.006
3056.59893 15.010 0.006
3058.59295 14.925 0.006
3060.64252 14.987 0.006
3068.52842 14.919 0.006
3070.58935 15.060 0.006
3073.62057 14.991 0.006
3076.52054 14.901 0.006
3078.62954 15.018 0.006
3082.60738 14.986 0.006
3085.50843 14.892 0.006
3087.64667 15.034 0.006
3090.61065 14.930 0.006
3096.52864 15.047 0.006
3099.59791 14.943 0.006
3102.57706 14.901 0.006
3104.56377 14.990 0.006
3110.54551 15.026 0.006
3113.52340 15.022 0.006
3128.49523 14.954 0.006
3140.50295 15.063 0.006
3216.86713 14.897 0.006
3241.91011 15.032 0.006
3248.85229 14.984 0.006
3257.88065 15.003 0.006
3264.80199 14.888 0.006
3270.86874 14.992 0.006
3274.75445 14.950 0.006
3277.87644 14.884 0.006
3281.89645 14.925 0.006
3287.75817 14.948 0.006
3295.71655 14.896 0.006
3301.77009 15.018 0.006
3304.83042 14.897 0.006
3307.70395 15.012 0.006
3309.73618 14.954 0.006
3311.73419 15.048 0.006
3320.77710 15.015 0.006
3327.74911 14.987 0.006
3334.80665 14.888 0.006
3338.85512 14.917 0.006
3339.75445 14.908 0.006
3354.77038 15.038 0.006
3358.81657 15.016 0.006
3361.84744 14.911 0.006
3365.74913 14.893 0.006
3372.76554 15.053 0.006
3378.67818 14.886 0.006
3387.66497 14.892 0.006
3391.74596 14.877 0.006
3395.70854 14.928 0.006
3399.71476 15.001 0.006
3403.70206 15.051 0.006
3406.67091 15.010 0.006
3410.62464 14.968 0.006
3415.62184 15.011 0.006
3427.58554 14.924 0.006
3433.60812 15.048 0.006
3438.53736 15.069 0.006
3455.51785 15.045 0.006
3461.51188 14.915 0.006
3575.92977 14.890 0.006
3592.92165 14.903 0.006
3619.82363 14.893 0.006
3629.89711 14.989 0.006
3633.86213 14.953 0.006
3639.77461 15.060 0.006
3644.81122 15.009 0.006
3651.75357 14.999 0.006
3654.80191 14.904 0.006
3658.76593 14.889 0.006
3661.83667 15.068 0.006
3668.80936 14.957 0.006
3672.79764 14.906 0.006
3676.75441 14.897 0.006
3684.81644 14.905 0.006
3687.79089 15.059 0.006
3690.71071 14.957 0.006
3693.74476 14.895 0.006
3695.77753 15.019 0.006
3698.75926 14.905 0.006
3700.78785 15.044 0.006
3703.71872 14.951 0.006
3705.78588 15.053 0.006
3708.77382 15.000 0.006
3712.73146 14.963 0.006
3714.80167 15.026 0.006
3717.66413 15.001 0.006
3719.83664 14.906 0.006
3721.79756 14.991 0.006
3726.69340 15.038 0.006
3730.72572 14.989 0.006
3732.71776 14.946 0.006
3734.84860 14.976 0.006
3737.74958 14.882 0.006
3739.81957 15.023 0.006
3741.83248 14.902 0.006
3743.72961 14.995 0.006
3746.77208 14.903 0.006
3748.72533 15.039 0.006
3749.73036 15.030 0.006
3751.74223 14.927 0.006
3753.69377 15.065 0.006
3755.69410 14.907 0.006
3757.68462 15.042 0.006
3759.74932 14.883 0.006
3762.77094 15.046 0.006
3765.75804 15.005 0.006
3770.63047 15.038 0.006
3773.69656 14.936 0.006
3776.66687 14.913 0.006
3779.62144 15.057 0.006
3782.73236 14.964 0.006
3787.59826 14.998 0.006
3792.54899 15.038 0.006
3800.53095 14.984 0.006
3809.53824 15.003 0.006
3823.49828 15.063 0.006
3964.87699 14.927 0.006
3969.90105 14.897 0.006
3980.91751 15.048 0.006
3981.87562 15.028 0.006
3989.90419 15.066 0.006
3998.86793 15.066 0.006
3999.83042 14.941 0.006
4001.87946 14.978 0.006
4004.84342 14.880 0.006
4005.85738 14.939 0.006
4008.72368 14.921 0.006
4011.89053 15.073 0.006
4018.85329 14.939 0.006
4023.88564 14.985 0.006
4026.79383 14.886 0.006
4029.74303 15.028 0.006
4031.81642 14.925 0.006
4038.72442 15.033 0.006
4041.68572 15.015 0.006
4043.69057 14.922 0.006
4046.78230 15.057 0.006
4048.87171 14.894 0.006
4049.65326 14.946 0.006
4052.71462 14.897 0.006
4054.70142 15.021 0.006
4056.75944 14.940 0.006
4058.79177 14.974 0.006
4063.69041 15.023 0.006
4065.86357 14.895 0.006
4066.74772 14.915 0.006
4068.65259 15.054 0.006
4070.67770 14.903 0.006
4073.85150 15.013 0.006
4074.74531 14.889 0.006
4077.79378 15.061 0.006
4079.83872 14.927 0.006
4083.68433 14.894 0.006
4085.75003 15.024 0.006
4093.73455 14.971 0.006
4102.84709 15.005 0.006
4105.80714 14.892 0.006
4109.77704 14.883 0.006
4113.73274 14.920 0.006
4120.76305 15.033 0.006
4122.71956 14.897 0.006
4125.77379 15.068 0.006
4132.66151 14.930 0.006
4142.71242 15.045 0.006
4156.54752 15.057 0.006
4168.50215 14.989 0.006
4197.48146 14.881 0.006
4341.91385 14.878 0.006
4347.86379 14.986 0.006
4353.79875 15.045 0.006
4358.89707 14.924 0.006
4364.86151 14.954 0.006
4367.88597 14.893 0.006
4371.75122 14.981 0.006
4377.80607 14.932 0.006
4380.82259 14.926 0.006
4386.79827 14.942 0.006
4390.76021 14.921 0.006
4394.71634 14.887 0.006
4399.73431 14.931 0.006
4404.73250 14.986 0.006
4412.71281 14.930 0.006
4418.80622 15.044 0.006
4421.85201 14.953 0.006
4426.74994 14.989 0.006
4429.85639 14.899 0.006
4430.67642 14.964 0.006
4432.73652 15.033 0.006
4436.77642 15.060 0.006
4439.84150 14.989 0.006
4443.72136 14.947 0.007
4449.69242 15.062 0.006
4451.70214 14.901 0.006
4455.70128 14.883 0.006
4457.73173 15.017 0.006
4460.80337 14.930 0.006
4463.72163 14.970 0.006
4470.65806 14.999 0.006
4473.70083 14.900 0.006
4477.75926 14.884 0.006
4482.76311 14.921 0.006
4486.74015 14.893 0.006
4491.71438 14.940 0.006
4494.65968 14.923 0.006
4498.69331 14.985 0.006
4501.69057 15.030 0.006
4506.62467 15.060 0.006
4510.71642 15.052 0.006
4517.65064 14.918 0.006
4521.63026 14.894 0.006
4524.59385 15.049 0.006
4530.61735 14.899 0.006
4535.61458 14.954 0.006
4536.61782 15.022 0.006
4539.49980 14.915 0.006
