2166.86329 14.955 0.006
2189.86887 14.709 0.006
2192.77176 14.382 0.006
2201.78397 14.851 0.006
2212.81622 14.410 0.006
2217.80061 14.425 0.006
2223.82118 14.607 0.006
2226.79553 14.619 0.006
2228.83896 14.614 0.006
2230.75239 14.926 0.006
2232.77261 14.447 0.006
2234.76659 14.754 0.006
2238.71724 14.615 0.006
2240.84617 14.948 0.006
2242.85190 14.470 0.006
2248.73316 14.631 0.006
2251.76280 14.422 0.006
2253.78615 14.648 0.006
2255.70870 14.952 0.006
2258.70815 14.641 0.006
2261.68092 14.415 0.006
2264.81675 14.822 0.006
2269.78967 14.830 0.006
2271.73797 14.354 0.006
2273.82830 14.686 0.006
2275.80177 14.943 0.006
2277.80456 14.526 0.006
2279.80137 14.852 0.006
2281.76424 14.358 0.006
2283.82143 14.700 0.006
2289.75829 14.857 0.006
2291.76442 14.370 0.006
2293.73278 14.699 0.006
2295.75382 14.923 0.006
2297.74475 14.551 0.006
2299.77714 14.870 0.006
2301.68258 14.372 0.006
2303.67797 14.698 0.006
2323.58028 14.704 0.006
2326.58730 14.392 0.006
2332.53073 14.567 0.006
2338.55327 14.716 0.006
2356.49645 14.425 0.006
2524.87388 14.420 0.006
2537.87554 14.934 0.006
2542.84009 14.935 0.006
2544.89880 14.464 0.006
2551.88899 14.789 0.006
2559.82695 14.479 0.006
2563.87213 14.382 0.006
2573.79829 14.357 0.006
2577.86106 14.957 0.006
2583.75750 14.361 0.006
2589.79859 14.520 0.006
2596.68698 14.824 0.006
2605.76611 14.688 0.006
2609.67648 14.541 0.006
2611.68021 14.858 0.006
2617.82684 14.857 0.006
2620.79585 14.715 0.006
2623.76906 14.392 0.006
2626.69418 14.880 0.006
2628.86128 14.419 0.006
2630.85004 14.743 0.006
2632.64072 14.886 0.006
2635.63511 14.716 0.006
2637.77530 14.735 0.006
2641.66584 14.896 0.006
2643.67819 14.411 0.006
2645.66932 14.730 0.006
2647.59608 14.813 0.006
2651.66478 14.908 0.006
2653.68909 14.435 0.006
2655.67416 14.745 0.006
2657.80714 14.518 0.006
2659.67892 14.613 0.006
2661.69902 14.929 0.006
2665.80092 14.782 0.006
2671.80688 14.954 0.006
2675.73733 14.795 0.006
2679.76277 14.660 0.006
2682.62180 14.456 0.006
2686.61491 14.948 0.006
2691.56026 14.944 0.006
2695.59910 14.797 0.006
2700.55006 14.789 0.006
2713.53522 14.506 0.006
2841.93953 14.431 0.006
2868.90200 14.795 0.006
2890.84512 14.368 0.006
2895.88080 14.362 0.006
2900.83648 14.361 0.006
2906.86744 14.537 0.006
2910.90078 14.375 0.006
2915.90090 14.383 0.006
2922.78109 14.706 0.006
2925.86947 14.390 0.006
2930.78204 14.380 0.006
2933.82645 14.875 0.006
2939.83483 14.807 0.006
2941.85286 14.581 0.006
2943.72772 14.884 0.006
2946.83074 14.589 0.006
2948.82108 14.899 0.006
2952.81708 14.736 0.006
2956.66048 14.567 0.006
2958.68725 14.901 0.006
2962.69814 14.729 0.006
2965.71520 14.420 0.006
2967.81453 14.761 0.006
2970.78013 14.443 0.006
2974.71975 14.596 0.006
2976.75359 14.618 0.006
2978.64809 14.922 0.006
2980.67455 14.448 0.006
2982.63370 14.753 0.006
2984.67481 14.549 0.006
2986.76267 14.636 0.006
2988.73066 14.944 0.006
2990.66401 14.459 0.006
2992.75368 14.792 0.006
2994.66493 14.463 0.006
2996.75177 14.654 0.006
2998.70652 14.953 0.006
2999.79962 14.359 0.006
3001.67727 14.643 0.006
3003.67289 14.952 0.006
3005.62991 14.484 0.006
3007.74840 14.827 0.006
3009.68419 14.373 0.006
3011.62979 14.658 0.006
3013.66044 14.952 0.006
3017.67163 14.833 0.006
3018.72758 14.953 0.006
3020.80282 14.534 0.006
3022.82931 14.861 0.006
3024.77783 14.358 0.006
3026.77519 14.688 0.006
3028.78724 14.920 0.006
3030.78750 14.549 0.006
3033.71483 14.925 0.006
3035.72110 14.546 0.006
3038.69950 14.917 0.006
3040.69912 14.549 0.006
3044.57657 14.367 0.006
3046.59208 14.690 0.006
3048.57699 14.929 0.006
3050.59586 14.544 0.006
3052.59291 14.867 0.006
3054.59376 14.379 0.006
3056.59098 14.708 0.006
3058.58473 14.886 0.006
3060.60520 14.566 0.006
3064.60975 14.396 0.006
3067.66670 14.897 0.006
3069.62681 14.412 0.006
3073.54162 14.821 0.006
3075.63096 14.593 0.006
3078.55083 14.779 0.006
3082.53982 14.899 0.006
3084.61626 14.430 0.006
3087.57804 14.925 0.006
3090.53406 14.598 0.006
3093.51436 14.670 0.006
3098.62327 14.522 0.006
3104.55418 14.455 0.006
3107.53836 14.937 0.006
3111.52774 14.769 0.006
3114.52171 14.465 0.006
3126.48612 14.795 0.006
3144.50145 14.516 0.006
3224.90160 14.702 0.006
3239.93553 14.715 0.006
3247.90651 14.412 0.006
3256.88476 14.758 0.006
3263.85953 14.593 0.006
3268.87531 14.605 0.006
3273.84686 14.606 0.006
3276.86497 14.592 0.006
3281.82989 14.576 0.006
3289.84331 14.773 0.006
3294.84145 14.786 0.006
3296.84681 14.409 0.006
3301.69772 14.526 0.006
3303.86675 14.651 0.006
3306.84137 14.372 0.006
3308.85835 14.666 0.006
3311.66842 14.450 0.006
3320.70157 14.950 0.006
3329.83066 14.847 0.006
3334.73042 14.841 0.006
3338.78621 14.691 0.006
3354.76020 14.880 0.006
3358.64173 14.703 0.006
3361.73750 14.392 0.006
3363.72764 14.711 0.006
3367.68120 14.579 0.006
3372.69993 14.580 0.006
3386.76191 14.440 0.006
3391.60728 14.426 0.006
3395.67132 14.650 0.006
3398.71909 14.757 0.006
3402.66433 14.620 0.006
3404.59220 14.924 0.006
3408.54561 14.746 0.006
3412.59088 14.619 0.006
3414.62245 14.939 0.006
3419.59330 14.943 0.006
3426.52878 14.460 0.006
3433.57997 14.794 0.006
3443.55059 14.811 0.006
3453.51699 14.816 0.006
3575.92219 14.605 0.006
3589.89362 14.444 0.006
3617.89052 14.959 0.006
3629.82999 14.500 0.006
3634.79610 14.504 0.006
3640.76282 14.677 0.006
3641.83996 14.851 0.006
3650.83531 14.690 0.006
3653.86327 14.385 0.006
3657.81380 14.932 0.006
3660.77946 14.702 0.006
3664.81494 14.558 0.006
3668.75121 14.382 0.006
3672.76073 14.878 0.006
3676.86218 14.900 0.006
3684.80638 14.586 0.006
3687.72538 14.813 0.006
3689.82397 14.597 0.006
3692.74834 14.757 0.006
3694.82235 14.599 0.006
3696.69760 14.892 0.006
3699.70983 14.581 0.006
3701.76077 14.915 0.006
3704.72724 14.599 0.006
3706.78142 14.923 0.006
3711.67243 14.919 0.006
3713.68609 14.444 0.006
3719.76292 14.627 0.006
3722.82213 14.418 0.006
3726.68535 14.936 0.006
3728.65807 14.455 0.006
3731.75864 14.951 0.006
3733.64485 14.455 0.006
3734.74779 14.648 0.006
3736.76671 14.958 0.006
3737.65534 14.429 0.006
3739.71744 14.652 0.006
3741.82372 14.958 0.006
3743.72159 14.495 0.006
3746.76397 14.950 0.006
3748.71663 14.502 0.006
3750.72279 14.824 0.006
3752.73084 14.357 0.006
3754.75215 14.679 0.006
3755.67193 14.825 0.006
3757.64602 14.358 0.006
3759.61167 14.665 0.006
3762.69653 14.359 0.006
3769.75906 14.695 0.006
3772.72738 14.368 0.006
3775.71932 14.861 0.006
3778.69783 14.547 0.006
3782.60601 14.363 0.006
3786.58201 14.925 0.006
3791.57837 14.914 0.006
3798.57809 14.563 0.006
3820.51064 14.904 0.006
3945.90562 14.362 0.006
3964.93272 14.915 0.006
3971.80345 14.543 0.006
3974.92099 14.881 0.006
3981.81186 14.559 0.006
3995.84676 14.420 0.006
4002.84286 14.745 0.006
4005.79288 14.421 0.006
4007.79711 14.736 0.006
4011.77749 14.602 0.006
4018.76308 14.911 0.006
4023.81656 14.935 0.006
4026.72716 14.617 0.006
4028.86323 14.950 0.006
4031.75093 14.626 0.006
4037.85984 14.803 0.006
4040.82714 14.488 0.006
4042.84191 14.810 0.006
4046.71778 14.634 0.006
4048.80671 14.967 0.006
4052.64957 14.788 0.006
4053.84726 14.961 0.006
4056.69081 14.650 0.006
4059.67803 14.389 0.006
4064.64615 14.380 0.006
4066.62389 14.659 0.006
4069.68951 14.365 0.006
4071.61783 14.657 0.006
4076.68634 14.673 0.006
4079.70292 14.363 0.006
4082.69325 14.844 0.006
4084.77309 14.377 0.006
4087.69255 14.855 0.006
4093.78158 14.887 0.006
4102.66983 14.862 0.006
4104.81660 14.409 0.006
4113.69610 14.822 0.006
4119.63431 14.403 0.006
4122.68315 14.904 0.006
4125.73056 14.608 0.006
4129.73004 14.434 0.006
4142.59284 14.916 0.006
4150.56485 14.609 0.006
4154.58080 14.455 0.006
4166.52320 14.776 0.006
4184.51277 14.493 0.006
4340.91334 14.948 0.006
4346.90145 14.413 0.006
4351.84186 14.427 0.006
4357.85361 14.487 0.006
4363.78206 14.656 0.006
4365.80566 14.972 0.007
4369.80128 14.819 0.006
4372.77595 14.505 0.006
4376.86651 14.367 0.006
4379.87303 14.841 0.006
4383.87709 14.697 0.006
4388.87103 14.699 0.006
4393.74492 14.687 0.006
4398.82012 14.703 0.006
4403.76073 14.711 0.006
4411.75594 14.390 0.006
4417.83870 14.582 0.006
4421.75113 14.405 0.006
4425.82431 14.728 0.006
4429.73508 14.904 0.007
4432.77666 14.595 0.006
4436.70314 14.416 0.006
4439.74729 14.923 0.006
4442.72470 14.605 0.006
4448.78036 14.773 0.006
4450.78507 14.541 0.006
4453.76088 14.768 0.006
4456.77421 14.459 0.006
4459.68423 14.937 0.006
4462.68625 14.625 0.006
4465.72648 14.455 0.006
4469.67961 14.955 0.006
4474.68164 14.949 0.006
4478.78442 14.823 0.006
4481.78319 14.516 0.006
4484.69292 14.966 0.006
4487.75533 14.681 0.006
4492.70790 14.671 0.006
4494.74236 14.957 0.006
4499.63915 14.952 0.006
4502.69638 14.687 0.006
4507.65511 14.686 0.006
4509.65236 14.944 0.006
4516.60125 14.540 0.006
4520.67317 14.388 0.006
4522.56027 14.688 0.006
4524.57429 14.925 0.006
4530.57953 14.378 0.006
4532.57151 14.699 0.006
4537.56959 14.713 0.006
4540.61834 14.399 0.006
