2187.76828 15.527 0.009
2193.83746 15.420 0.007
2202.83722 15.555 0.007
2215.79004 15.609 0.009
2222.78989 15.629 0.009
2224.83747 15.488 0.007
2227.74842 15.442 0.007
2229.75412 15.616 0.009
2231.72266 15.510 0.007
2233.69087 15.403 0.007
2237.61010 15.389 0.009
2239.67114 15.635 0.009
2241.76278 15.504 0.007
2243.83304 15.404 0.007
2248.69258 15.525 0.007
2250.72402 15.373 0.007
2252.82114 15.584 0.009
2254.73909 15.415 0.007
2257.75664 15.379 0.007
2260.76622 15.410 0.007
2263.65909 15.580 0.007
2265.70467 15.530 0.007
2266.78463 15.629 0.007
2270.81610 15.429 0.007
2272.66367 15.553 0.007
2274.79460 15.384 0.007
2276.84995 15.624 0.009
2278.80896 15.471 0.007
2280.78867 15.511 0.007
2282.79247 15.541 0.007
2290.68385 15.600 0.007
2293.80333 15.619 0.009
2295.82719 15.475 0.007
2297.81397 15.481 0.007
2299.83042 15.555 0.009
2302.79972 15.506 0.009
2303.72250 15.609 0.009
2321.69535 15.404 0.007
2328.57235 15.380 0.009
2334.57045 15.617 0.009
2340.56210 15.570 0.009
2346.50274 15.466 0.009
2360.49764 15.527 0.009
2540.87638 15.618 0.009
2548.81343 15.365 0.007
2553.78014 15.567 0.009
2557.84554 15.625 0.009
2561.84355 15.475 0.007
2565.84917 15.381 0.007
2574.80625 15.631 0.009
2578.86284 15.439 0.009
2586.76414 15.451 0.007
2590.83745 15.541 0.009
2596.84446 15.442 0.009
2606.74074 15.405 0.007
2609.85009 15.375 0.009
2614.81178 15.574 0.009
2619.68846 15.370 0.007
2621.81575 15.596 0.007
2624.71286 15.542 0.007
2630.60235 15.437 0.007
2632.75321 15.546 0.007
2636.70305 15.363 0.007
2638.74730 15.591 0.009
2641.79570 15.552 0.007
2643.79302 15.384 0.007
2645.79083 15.618 0.009
2649.66639 15.558 0.009
2651.74618 15.538 0.007
2653.74011 15.373 0.007
2655.77458 15.601 0.009
2657.75860 15.430 0.007
2659.81976 15.555 0.009
2661.61991 15.493 0.007
2663.86500 15.373 0.009
2666.60382 15.542 0.007
2668.83158 15.562 0.009
2673.77756 15.400 0.007
2676.75785 15.547 0.007
2678.80380 15.534 0.007
2684.57812 15.401 0.007
2688.55181 15.485 0.007
2692.52624 15.546 0.007
2697.54114 15.379 0.007
2702.54275 15.538 0.009
2708.56956 15.447 0.007
2725.50205 15.446 0.009
2875.86951 15.612 0.009
2884.89277 15.482 0.009
2890.91271 15.396 0.009
2896.86764 15.517 0.009
2902.79868 15.591 0.007
2907.85934 15.394 0.007
2917.81085 15.366 0.007
2923.81356 15.575 0.009
2926.86601 15.622 0.009
2931.79475 15.417 0.007
2934.83492 15.382 0.007
2940.81519 15.559 0.007
2943.81997 15.636 0.009
2947.82816 15.457 0.007
2954.77052 15.384 0.007
2956.81078 15.578 0.007
2958.85530 15.425 0.007
2963.74669 15.600 0.009
2966.76691 15.564 0.007
2968.73564 15.382 0.007
2971.79766 15.378 0.007
2974.82070 15.494 0.007
2976.68058 15.529 0.007
2979.66452 15.475 0.007
2981.68509 15.448 0.009
2983.81696 15.576 0.009
2985.78403 15.407 0.007
2987.74055 15.617 0.009
2989.68074 15.450 0.007
2991.75461 15.480 0.007
2993.76074 15.551 0.007
2995.83604 15.382 0.007
2997.80716 15.613 0.009
2998.75261 15.399 0.007
3000.76113 15.583 0.007
3002.75270 15.406 0.007
3004.74566 15.630 0.007
3006.73886 15.483 0.007
3008.69843 15.476 0.009
3010.79955 15.559 0.007
3012.80511 15.387 0.009
3016.74954 15.475 0.007
3018.78018 15.514 0.007
3020.84377 15.554 0.009
3021.86872 15.608 0.009
3023.73006 15.492 0.007
3025.73322 15.428 0.007
3027.75178 15.563 0.007
3029.73623 15.385 0.007
3031.80821 15.625 0.007
3034.63330 15.576 0.007
3036.66353 15.409 0.007
3039.60557 15.373 0.007
3041.68839 15.614 0.009
3042.71341 15.415 0.007
3044.65247 15.561 0.007
3046.63863 15.390 0.007
3048.67178 15.619 0.007
3050.66358 15.470 0.007
3052.66504 15.482 0.007
3054.67057 15.536 0.009
3056.65837 15.358 0.007
3058.65159 15.614 0.007
3060.70106 15.460 0.007
3066.58882 15.368 0.007
3068.61697 15.583 0.009
3071.51534 15.534 0.009
3073.70543 15.387 0.007
3076.62900 15.398 0.009
3079.63139 15.536 0.007
3082.69818 15.618 0.007
3085.60162 15.588 0.007
3088.55840 15.552 0.007
3091.56275 15.503 0.007
3096.60922 15.509 0.009
3100.52087 15.362 0.009
3102.64499 15.596 0.009
3106.56093 15.589 0.007
3109.54546 15.605 0.007
3113.56297 15.502 0.009
3127.52091 15.365 0.007
3133.53658 15.602 0.009
3230.91132 15.576 0.007
3242.88572 15.389 0.007
3249.85270 15.409 0.009
3260.84466 15.508 0.007
3264.88667 15.577 0.007
3271.83507 15.604 0.009
3274.83839 15.571 0.009
3279.79206 15.394 0.007
3282.85764 15.486 0.007
3295.80104 15.627 0.007
3297.79250 15.488 0.007
3299.86041 15.452 0.007
3301.87190 15.561 0.009
3305.76281 15.609 0.007
3307.78763 15.442 0.009
3309.82412 15.536 0.007
3311.81765 15.535 0.007
3315.85711 15.604 0.007
3321.72421 15.507 0.007
3324.83214 15.471 0.007
3327.83836 15.410 0.007
3333.82193 15.421 0.007
3336.66391 15.615 0.007
3339.84580 15.624 0.009
3353.74737 15.575 0.007
3357.77499 15.371 0.007
3360.75286 15.470 0.007
3363.82741 15.589 0.007
3370.78467 15.517 0.007
3376.73673 15.600 0.007
3378.76195 15.429 0.007
3394.64544 15.460 0.007
3396.67181 15.560 0.007
3399.79901 15.533 0.009
3402.70901 15.461 0.007
3409.55752 15.479 0.007
3413.55617 15.551 0.007
3413.60073 15.567 0.007
3426.54411 15.487 0.007
3432.52996 15.380 0.007
3439.50607 15.411 0.007
3447.53150 15.570 0.007
3457.50842 15.559 0.009
3594.92119 15.373 0.007
3603.86240 15.609 0.007
3619.91800 15.538 0.007
3620.89872 15.618 0.007
3630.80983 15.611 0.009
3640.80644 15.608 0.007
3651.83900 15.491 0.007
3654.88513 15.600 0.007
3658.85111 15.394 0.007
3660.84848 15.573 0.009
3664.85808 15.631 0.007
3668.84198 15.463 0.007
3672.83064 15.372 0.007
3676.71740 15.439 0.007
3685.78729 15.457 0.007
3688.72142 15.614 0.007
3690.79618 15.518 0.007
3693.69788 15.455 0.007
3695.86279 15.471 0.007
3699.75328 15.364 0.007
3701.80638 15.606 0.007
3703.80509 15.453 0.007
3706.68067 15.395 0.007
3711.71587 15.581 0.007
3713.80375 15.425 0.007
3715.78027 15.615 0.007
3718.74917 15.608 0.007
3722.64407 15.599 0.007
3726.72624 15.376 0.007
3728.78857 15.592 0.007
3730.75833 15.445 0.007
3732.83381 15.586 0.007
3734.82670 15.525 0.007
3735.67504 15.610 0.007
3737.83358 15.473 0.007
3739.85226 15.490 0.007
3741.59052 15.525 0.007
3743.76246 15.377 0.007
3746.80485 15.427 0.007
3748.78360 15.574 0.009
3750.79837 15.396 0.007
3753.67143 15.391 0.007
3755.75302 15.594 0.007
3757.77246 15.426 0.007
3760.75213 15.370 0.007
3763.70505 15.434 0.007
3766.72184 15.575 0.007
3770.74929 15.374 0.007
3774.62263 15.409 0.007
3777.58121 15.378 0.007
3779.70547 15.600 0.007
3781.74552 15.460 0.007
3786.59791 15.633 0.007
3793.54755 15.619 0.007
3801.53748 15.378 0.007
3811.53003 15.377 0.007
3828.49389 15.383 0.007
3958.91930 15.592 0.007
3965.87275 15.607 0.007
3970.89291 15.400 0.007
3982.84349 15.620 0.007
4002.85706 15.588 0.007
4004.87535 15.424 0.007
4006.78484 15.627 0.007
4008.80590 15.496 0.007
4013.81749 15.587 0.007
4019.82028 15.603 0.007
4024.81178 15.366 0.007
4026.88082 15.609 0.007
4029.82683 15.585 0.007
4032.86160 15.527 0.007
4039.69380 15.538 0.007
4041.76754 15.371 0.007
4043.77261 15.621 0.009
4046.86565 15.568 0.009
4049.73579 15.538 0.007
4052.79731 15.494 0.007
4054.78410 15.448 0.007
4056.84259 15.568 0.007
4059.73726 15.520 0.007
4064.85103 15.489 0.007
4066.80745 15.542 0.007
4068.84229 15.366 0.007
4070.76468 15.592 0.007
4074.80352 15.565 0.007
4077.85231 15.628 0.007
4080.73206 15.588 0.007
4083.71872 15.535 0.007
4095.64364 15.382 0.007
4103.77408 15.506 0.007
4112.77915 15.364 0.007
4117.76166 15.576 0.007
4121.77366 15.624 0.007
4126.75316 15.421 0.007
4129.78676 15.372 0.007
4143.56358 15.406 0.007
4157.56157 15.457 0.009
4169.51850 15.584 0.009
4199.48791 15.619 0.009
4343.88040 15.478 0.007
4348.85313 15.611 0.009
4353.88070 15.453 0.007
4358.83289 15.629 0.009
4363.84973 15.440 0.009
4367.83790 15.515 0.009
4371.78743 15.579 0.009
4378.72686 15.596 0.009
4381.76245 15.568 0.009
4386.87998 15.377 0.009
4390.84201 15.433 0.007
4395.70884 15.595 0.009
4399.86748 15.539 0.009
4408.72134 15.541 0.009
4412.80485 15.630 0.009
4427.75637 15.378 0.007
4430.75972 15.388 0.007
4433.77717 15.507 0.007
4437.70376 15.367 0.007
4440.72340 15.443 0.007
4443.84100 15.558 0.009
4449.78276 15.595 0.009
4451.81837 15.422 0.007
4455.78806 15.518 0.009
4458.76673 15.458 0.007
4462.76077 15.534 0.007
4464.80632 15.363 0.007
4467.77743 15.446 0.007
4472.69335 15.510 0.007
4476.78035 15.586 0.007
4480.73079 15.626 0.007
4484.81021 15.409 0.007
4488.73111 15.394 0.007
4492.75037 15.465 0.007
4497.75467 15.617 0.007
4500.62773 15.603 0.007
4502.73753 15.457 0.009
4507.74154 15.637 0.009
4509.69224 15.480 0.007
4512.74062 15.427 0.007
4518.68939 15.407 0.009
4521.72689 15.530 0.009
4524.62648 15.621 0.009
4530.65253 15.547 0.007
4533.61820 15.512 0.007
4538.63569 15.544 0.009
4542.54244 15.383 0.009
