 457.64959 14.959 0.006
 457.70823 14.961 0.006
 457.82550 14.973 0.006
 458.68205 15.082 0.006
 459.64536 15.031 0.006
 459.85102 14.939 0.006
 461.65396 14.879 0.006
 461.78215 14.893 0.006
 462.61072 14.983 0.006
 465.85399 14.826 0.006
 466.84946 14.928 0.006
 468.77837 15.113 0.006
 469.78729 14.791 0.006
 470.80518 14.854 0.006
 472.82310 15.073 0.006
 475.58363 14.846 0.006
 477.80120 15.098 0.006
 478.80688 14.915 0.006
 479.80714 14.803 0.006
 480.64361 14.891 0.006
 481.54144 14.993 0.006
 482.83411 15.117 0.006
 483.53958 14.908 0.006
 484.53776 14.804 0.006
 485.54234 14.908 0.006
 486.53450 15.021 0.006
 487.56187 15.118 0.006
 488.57426 14.807 0.006
 489.53430 14.830 0.006
 490.54298 14.941 0.006
 491.54456 15.054 0.006
 492.52971 15.076 0.006
 493.53283 14.778 0.006
 494.52780 14.860 0.006
 494.78728 14.885 0.006
 495.52987 14.971 0.006
 496.52507 15.088 0.006
 496.74143 15.118 0.006
 498.52439 14.797 0.006
 499.78680 14.911 0.006
 500.78428 15.032 0.006
 501.54884 15.106 0.006
 507.53500 14.785 0.006
 508.57764 14.851 0.006
 509.53219 14.955 0.006
 510.56289 15.071 0.006
 510.72811 15.081 0.006
 511.62752 14.977 0.006
 512.56185 14.775 0.006
 513.54597 14.884 0.006
 513.65777 14.883 0.006
 514.52561 14.982 0.006
 514.62107 14.989 0.006
 515.52224 15.104 0.006
 516.52577 14.926 0.006
 517.52529 14.797 0.006
 518.56216 14.905 0.006
 519.51519 15.021 0.006
 519.66474 15.037 0.006
 519.74255 15.043 0.006
 520.68142 15.102 0.006
 521.51735 14.830 0.006
 521.65490 14.794 0.006
 521.71866 14.782 0.006
 523.52268 14.938 0.006
 524.50808 15.039 0.006
 524.54816 15.053 0.006
 526.51147 14.784 0.006
 526.60723 14.770 0.006
 527.50624 14.859 0.006
 528.56608 14.974 0.006
 530.54601 14.973 0.006
 530.64358 14.942 0.006
 531.51903 14.784 0.006
 531.61804 14.794 0.006
 532.50765 14.884 0.006
 533.50668 14.997 0.006
 533.63261 15.020 0.006
 534.51591 15.114 0.006
 535.52035 14.872 0.006
 536.66937 14.827 0.006
 540.50754 14.802 0.006
 552.61929 15.029 0.006
 554.53371 14.827 0.006
 558.52675 15.080 0.006
 560.54910 14.861 0.006
 561.48959 14.960 0.006
 562.48167 15.066 0.006
 564.49056 14.786 0.006
 573.48178 14.816 0.006
 673.83638 14.862 0.006
 689.86265 15.070 0.006
 699.80871 15.113 0.006
 701.80596 14.831 0.006
 704.84777 15.070 0.006
 706.79410 14.850 0.006
 707.84742 14.962 0.006
 715.81332 14.812 0.006
 720.79343 14.834 0.006
 722.82388 15.066 0.006
 726.78191 14.979 0.006
 728.82163 14.920 0.006
 729.87647 14.802 0.006
 733.77734 14.847 0.006
 741.87211 15.093 0.006
 744.87760 14.897 0.006
 745.71929 14.989 0.006
 747.78629 14.887 0.006
 748.74040 14.798 0.006
 751.72362 15.110 0.006
 755.68387 15.048 0.006
 759.79700 14.978 0.006
 760.77345 15.082 0.006
 761.85838 14.908 0.006
 765.80001 15.115 0.006
 769.79079 15.031 0.006
 774.79734 15.076 0.006
 778.78069 14.989 0.006
 780.85149 14.865 0.006
 781.78552 14.804 0.006
 788.79658 15.053 0.006
 789.75303 15.069 0.006
 792.79307 14.977 0.006
 795.85475 14.792 0.006
 796.85543 14.902 0.006
 797.85293 15.010 0.006
 798.85000 15.106 0.006
 805.77533 14.841 0.006
 816.71767 15.010 0.006
 817.82392 15.104 0.006
 818.85985 14.784 0.006
 819.85386 14.846 0.006
 822.78204 15.069 0.006
 825.74134 14.975 0.006
 827.65180 15.018 0.006
 828.83637 14.794 0.006
 829.67087 14.885 0.006
 830.80227 14.998 0.006
 831.64749 15.095 0.006
 832.72367 14.877 0.006
 833.65648 14.804 0.006
 834.77081 14.920 0.006
 837.81581 14.778 0.006
 839.60263 14.932 0.006
 841.82460 14.997 0.006
 842.78978 14.784 0.006
 844.65783 14.971 0.006
 850.67885 15.108 0.006
 854.73961 15.044 0.006
 856.73092 14.778 0.006
 858.61221 14.955 0.006
 860.75884 14.972 0.006
 864.69827 15.108 0.006
 875.59394 14.778 0.006
 880.51096 14.781 0.006
 887.59121 15.028 0.006
 892.67517 15.067 0.006
 895.49752 14.854 0.006
 897.49625 15.085 0.006
 918.49110 14.808 0.006
 928.49812 14.854 0.006
 931.52059 14.986 0.006
 934.49277 14.991 0.006
 950.49517 14.950 0.006
 952.48684 14.895 0.006
1053.91644 15.090 0.006
1065.91260 14.910 0.006
1068.80399 14.815 0.006
1069.79820 14.832 0.006
1071.79704 15.053 0.006
1077.82355 14.965 0.006
1083.77274 14.807 0.006
1088.84158 14.842 0.006
1092.87413 14.790 0.006
1102.76593 14.825 0.006
1106.82295 14.779 0.006
1112.80447 14.889 0.006
1116.78071 14.808 0.006
1126.68048 14.851 0.006
1129.72763 14.960 0.006
1132.77782 15.001 0.006
1136.81114 14.931 0.006
1142.70338 15.066 0.006
1151.79796 15.025 0.006
1154.80581 14.833 0.006
1157.79910 15.044 0.006
1160.83257 14.975 0.006
1163.77400 14.795 0.006
1166.80796 15.111 0.006
1169.78850 14.934 0.006
1171.83693 15.083 0.006
1174.76328 14.950 0.006
1175.84458 15.069 0.006
1179.83855 14.984 0.006
1183.73336 14.905 0.006
1185.84810 15.108 0.006
1187.80364 14.830 0.006
1189.82663 15.054 0.006
1191.83208 14.772 0.006
1194.73940 15.088 0.006
1196.61990 14.793 0.006
1201.75460 14.818 0.006
1204.74022 15.099 0.006
1207.63304 14.934 0.006
1211.71338 14.868 0.006
1214.60653 14.974 0.006
1217.65992 14.998 0.006
1219.71574 14.840 0.006
1223.58402 15.106 0.006
1226.67673 14.947 0.006
1228.65052 15.026 0.006
1231.59198 14.979 0.006
1234.66948 14.794 0.006
1236.66035 15.008 0.006
1239.69019 14.830 0.006
1241.70677 15.057 0.006
1243.51374 14.781 0.006
1245.59846 14.955 0.006
1247.69790 14.951 0.006
1248.66560 14.787 0.006
1254.51708 14.896 0.006
1259.50946 14.933 0.006
1264.50366 14.968 0.006
1267.52284 14.785 0.006
1273.52901 14.919 0.006
1275.50802 15.106 0.006
1278.54054 14.959 0.006
1288.48534 15.008 0.006
1290.61504 14.802 0.006
1298.52659 15.079 0.006
1301.53187 14.890 0.006
1306.47316 14.911 0.006
1312.46608 15.047 0.006
1316.48145 14.971 0.006
1319.52203 14.795 0.006
1320.46204 14.887 0.006
1330.45909 14.957 0.006
1331.46186 15.055 0.006
1331.50928 15.080 0.006
1332.45729 15.014 0.006
1333.46288 14.777 0.006
1335.45925 14.979 0.006
1336.45865 15.093 0.006
1336.47477 15.103 0.006
1336.48281 15.106 0.006
1338.48052 14.797 0.006
1338.48846 14.796 0.006
1339.45588 14.906 0.006
1339.46581 14.897 0.006
1340.45400 15.019 0.006
1340.47862 15.014 0.006
1342.45861 14.808 0.006
1343.47455 14.840 0.006
1346.47726 15.043 0.008
1348.46105 14.859 0.006
1349.46255 14.972 0.006
1350.46352 15.092 0.006
1354.94153 15.061 0.006
1360.94303 14.941 0.006
1365.94280 14.842 0.006
1375.93324 14.781 0.006
1395.90851 14.885 0.006
1400.89436 14.919 0.006
1412.90475 14.917 0.006
1415.91407 15.018 0.006
1430.86884 15.096 0.006
1432.86605 14.814 0.006
1433.90338 14.909 0.006
1435.77004 15.102 0.006
1437.76373 14.824 0.006
1440.81022 15.075 0.006
1443.85326 14.972 0.006
1446.88543 14.793 0.006
1448.77650 14.994 0.006
1454.79606 15.113 0.006
1458.81211 15.069 0.006
1459.83957 15.012 0.006
1462.75091 14.972 0.006
1470.79124 14.821 0.006
1475.79090 14.850 0.006
1477.67545 15.067 0.006
1479.71632 14.775 0.006
1484.73202 14.807 0.006
1487.75770 15.111 0.006
1491.68583 15.052 0.006
1493.83774 14.780 0.006
1494.73131 14.864 0.006
1497.78720 14.932 0.006
1499.69498 14.883 0.006
1502.69028 14.872 0.006
1503.84018 14.819 0.006
1505.73067 15.038 0.006
1507.80187 14.777 0.006
1510.77793 15.070 0.006
1512.73694 14.787 0.006
1514.84818 14.996 0.006
1515.70230 15.094 0.006
1517.73398 14.800 0.006
1518.83892 14.918 0.006
1521.69305 14.826 0.006
1523.64006 14.929 0.006
1525.74406 15.070 0.006
1527.73678 14.857 0.006
1528.81590 14.967 0.006
1529.68006 15.079 0.006
1531.79743 14.793 0.006
1538.75369 15.035 0.006
1542.67756 14.948 0.006
1544.72020 15.025 0.006
1547.79254 14.982 0.006
1548.77027 15.090 0.006
1549.78900 14.892 0.006
1552.68812 15.005 0.006
1553.76381 15.106 0.006
1554.77902 14.802 0.006
1555.76603 14.831 0.006
1561.55917 14.945 0.006
1562.76539 15.077 0.006
1564.65428 14.785 0.006
1567.61180 15.096 0.006
1570.57894 14.903 0.006
1573.61923 14.811 0.006
1576.60457 15.047 0.006
1579.66752 14.862 0.006
1581.71921 15.087 0.006
1583.71809 14.795 0.006
1585.65320 14.994 0.006
1588.60336 14.809 0.006
1591.68109 15.087 0.006
1593.60005 14.831 0.006
1595.70545 15.067 0.006
1599.67771 14.987 0.006
1600.69125 15.094 0.006
1604.54190 15.005 0.006
1606.51664 14.862 0.006
1609.61725 15.041 0.006
1610.58011 15.085 0.006
1611.65074 14.780 0.006
1613.55671 14.952 0.006
1615.50297 15.024 0.006
1617.50242 14.877 0.006
1619.52496 15.092 0.006
1621.49752 14.796 0.006
1623.49596 15.028 0.006
1625.49793 14.819 0.006
1627.49807 14.942 0.006
1629.54299 15.062 0.006
1630.55183 14.779 0.006
1632.49835 14.963 0.006
1634.53844 14.955 0.006
1635.60994 14.792 0.006
1645.48706 14.837 0.006
1650.54525 14.876 0.006
1653.54268 14.915 0.006
1655.51639 14.901 0.006
1657.50776 15.113 0.006
1660.53295 14.936 0.006
1662.48386 15.094 0.006
1664.49866 14.850 0.006
1667.55242 14.953 0.006
1671.48179 15.109 0.006
1676.48652 15.103 0.006
1690.49049 15.112 0.006
1768.90776 14.924 0.006
1769.84019 15.020 0.006
1771.87046 14.796 0.006
1773.89330 14.952 0.006
1775.91338 15.027 0.006
1784.90049 15.117 0.006
1789.89496 15.088 0.006
1790.85695 14.780 0.006
1803.88643 15.100 0.006
1809.81251 14.775 0.006
1812.83574 15.087 0.006
1814.85062 14.791 0.006
1818.84352 14.851 0.006
1822.83588 15.103 0.006
1828.86104 14.779 0.006
1829.83229 14.878 0.006
1830.84574 14.988 0.006
1834.88468 14.915 0.006
1846.81120 14.972 0.006
1846.86219 14.949 0.006
1850.79182 15.111 0.006
1851.86714 14.861 0.006
1855.83394 15.104 0.006
1859.75991 15.063 0.006
1863.74171 14.976 0.006
1865.79638 14.923 0.006
1867.76529 14.895 0.006
1869.73868 15.110 0.006
1870.76907 14.834 0.006
1871.85321 14.828 0.006
1873.81289 15.054 0.006
2115.93631 14.890 0.006
2116.93721 14.816 0.006
2122.92136 14.935 0.006
2128.92746 15.078 0.006
2130.91232 14.787 0.006
2131.91416 14.890 0.006
2132.90885 14.996 0.006
2134.91389 14.845 0.006
2135.92482 14.810 0.006
2140.91357 14.837 0.006
2142.90189 15.060 0.006
2143.90948 15.012 0.006
2144.91230 14.769 0.006
2156.88489 15.043 0.006
2161.84991 15.072 0.006
2173.86441 14.830 0.006
2190.80163 15.082 0.006
2192.83588 14.842 0.006
2201.82236 14.797 0.006
2214.80394 14.964 0.006
2224.75954 14.799 0.006
2227.66215 15.042 0.006
2229.67561 14.770 0.006
2230.81981 14.871 0.006
2232.83934 15.091 0.006
2234.83415 14.797 0.006
2237.75457 15.110 0.006
2241.67984 15.025 0.006
2243.73371 14.781 0.006
2248.81430 14.780 0.006
2250.80101 14.990 0.006
2252.66525 14.918 0.006
2254.65634 14.897 0.006
2257.66301 14.824 0.006
2260.66970 15.034 0.006
2264.67509 14.961 0.006
2266.66121 14.968 0.006
2270.65907 15.106 0.006
2271.80926 14.822 0.006
2272.81721 14.832 0.006
2274.64733 15.023 0.006
2276.76481 14.774 0.006
2277.81814 14.857 0.006
2279.83576 15.078 0.006
2280.80929 14.959 0.006
2282.69479 14.869 0.006
2283.86006 14.992 0.006
2288.76751 15.024 0.006
2290.80371 14.798 0.006
2292.77783 14.936 0.006
2296.76981 14.865 0.006
2298.72650 15.079 0.006
2300.73701 14.796 0.006
2302.71364 14.992 0.006
2304.75784 14.849 0.006
2315.64475 14.853 0.006
2323.58860 14.865 0.006
2327.57405 15.096 0.006
2333.58404 14.775 0.006
2339.56040 14.899 0.006
2345.52147 15.035 0.006
2351.49958 15.008 0.006
2369.49709 15.077 0.006
2385.48276 14.786 0.006
2529.82839 15.074 0.006
2539.83086 15.117 0.006
2545.80153 14.768 0.006
2552.85406 15.010 0.006
2556.84544 14.932 0.006
2560.75386 14.840 0.006
2564.86210 14.784 0.006
2573.85995 14.802 0.006
2578.78433 14.776 0.006
2583.83871 14.800 0.006
2590.74381 15.033 0.006
2596.75643 15.053 0.006
2605.78368 15.112 0.006
2609.75581 15.052 0.006
2614.71785 15.070 0.006
2618.77304 14.991 0.006
2621.69576 14.812 0.006
2624.60386 15.114 0.006
2627.69980 14.930 0.006
2629.72274 15.064 0.006
2635.69591 14.787 0.006
2638.66690 15.102 0.006
2640.76380 14.813 0.006
2642.72260 15.044 0.006
2644.72530 14.781 0.006
2646.70083 14.955 0.006
2650.73508 14.884 0.006
2652.78900 15.111 0.006
2654.75142 14.801 0.006
2656.66072 15.014 0.006
2658.62247 14.853 0.006
2660.64079 14.924 0.006
2662.65173 15.097 0.006
2664.63042 14.850 0.006
2666.69516 15.075 0.006
2668.68128 14.792 0.006
2670.64338 14.994 0.006
2672.78217 14.840 0.006
2674.68293 14.925 0.006
2676.67201 15.111 0.006
2678.72530 14.845 0.006
2680.63604 15.058 0.006
2682.68467 14.786 0.006
2687.56098 14.792 0.006
2693.52022 14.919 0.006
2696.55689 14.784 0.006
2701.53850 14.786 0.006
2707.54029 14.914 0.006
2714.53240 15.074 0.006
2839.90897 14.922 0.006
2867.88000 14.893 0.006
2885.85768 14.799 0.006
2892.88620 15.041 0.006
2897.85516 15.063 0.006
2903.90095 14.856 0.006
2907.77537 15.111 0.006
2911.81281 15.047 0.006
2916.86323 15.091 0.006
2922.84691 14.828 0.006
2926.77861 15.102 0.006
2930.84830 15.077 0.006
2934.75027 14.981 0.006
2940.72982 15.110 0.006
2943.73540 14.915 0.006
2947.74402 14.852 0.006
2953.70121 14.999 0.006
2956.72656 14.810 0.006
2958.75289 15.036 0.006
2962.76465 14.956 0.006
2965.78840 14.780 0.006
2968.65427 15.083 0.006
2973.67310 15.103 0.006
2975.85720 14.838 0.006
2976.79163 14.935 0.006
2978.69928 15.091 0.006
2980.71172 14.838 0.006
2982.70444 15.073 0.006
2984.75158 14.792 0.006
2988.80462 14.870 0.006
2989.75988 14.811 0.006
2991.65507 15.013 0.006
2993.64237 14.819 0.006
2995.74333 14.939 0.006
2997.72100 15.063 0.006
2999.68517 14.859 0.006
3001.77999 15.092 0.006
3003.75071 14.796 0.006
3005.71257 15.000 0.006
3007.63393 14.877 0.006
3009.63178 14.919 0.006
3011.73134 15.110 0.006
3013.73553 14.846 0.006
3017.73687 14.782 0.006
3019.66492 14.969 0.006
3021.78349 14.876 0.006
3023.64525 14.883 0.006
3024.84636 15.028 0.006
3027.66252 14.826 0.006
3029.64752 15.032 0.006
3031.71748 14.775 0.006
3033.78111 14.969 0.006
3035.78796 14.940 0.006
3038.76558 15.010 0.006
3041.60606 14.803 0.006
3043.64014 15.037 0.006
3045.70306 14.785 0.006
3047.65678 14.954 0.006
3048.58553 15.050 0.006
3050.60386 14.776 0.006
3052.60101 14.973 0.006
3054.60161 14.953 0.006
3056.59893 14.888 0.006
3058.59295 15.106 0.006
3060.64252 14.832 0.006
3068.52842 15.054 0.006
3070.58935 14.880 0.006
3073.62057 14.913 0.006
3076.52054 15.012 0.006
3078.62954 14.805 0.006
3082.60738 15.075 0.006
3085.50843 14.961 0.006
3087.64667 14.949 0.006
3090.61065 15.004 0.006
3096.52864 15.119 0.006
3099.59791 14.965 0.006
3102.57706 14.782 0.006
3104.56377 14.975 0.006
3110.54551 15.126 0.006
3113.52340 14.926 0.006
3128.49523 15.026 0.006
3140.50295 14.801 0.006
3216.86713 14.880 0.006
3241.91011 15.042 0.006
3248.85229 14.783 0.006
3257.88065 14.810 0.006
3264.80199 14.964 0.006
3270.86874 15.110 0.006
3274.75445 15.024 0.006
3277.87644 14.842 0.006
3281.89645 14.782 0.006
3287.75817 14.891 0.006
3295.71655 14.795 0.006
3301.77009 14.876 0.006
3304.83042 14.888 0.006
3307.70395 15.001 0.006
3309.73618 14.822 0.006
3311.73419 14.935 0.006
3320.77710 14.884 0.006
3327.74911 15.098 0.006
3330.70775 14.951 0.006
3334.80665 14.882 0.006
3338.85512 14.817 0.006
3339.75445 14.911 0.006
3354.77038 14.995 0.006
3358.81657 14.917 0.006
3361.84744 14.791 0.006
3365.74913 15.049 0.006
3372.76554 14.909 0.006
3378.67818 15.034 0.006
3387.66497 14.992 0.006
3391.74596 14.914 0.006
3395.70854 14.825 0.006
3399.71476 14.784 0.006
3403.70206 14.965 0.006
3406.67091 14.997 0.006
3410.62464 14.909 0.006
3415.62184 14.945 0.006
3427.58554 14.864 0.006
3433.60812 14.849 0.006
3438.53736 14.870 0.006
3455.51785 15.001 0.006
3461.51188 14.808 0.006
3575.92977 14.941 0.006
3592.92165 14.794 0.006
3601.92169 14.938 0.006
3619.82363 15.089 0.006
3629.89711 15.056 0.006
3633.86213 15.069 0.006
3639.77461 14.895 0.006
3644.81122 14.801 0.006
3651.75357 14.950 0.006
3654.80191 14.793 0.006
3658.76593 14.867 0.006
3661.83667 15.046 0.006
3668.80936 14.790 0.006
3672.79764 14.899 0.006
3676.75441 15.112 0.006
3684.81644 14.981 0.006
3687.79089 14.797 0.006
3690.71071 15.110 0.006
3693.74476 14.907 0.006
3695.77753 15.097 0.006
3698.75926 14.945 0.006
3700.78785 15.011 0.006
3703.71872 14.979 0.006
3705.78588 14.924 0.006
3708.77382 15.013 0.006
3712.73146 14.937 0.006
3714.80167 15.070 0.006
3717.66413 14.958 0.006
3719.83664 14.948 0.006
3721.79756 14.895 0.006
3726.69340 14.923 0.006
3730.72572 14.831 0.006
3732.71776 15.060 0.006
3734.84860 14.781 0.006
3737.74958 15.082 0.006
3739.81957 14.799 0.006
3741.83248 15.024 0.006
3743.72961 14.847 0.006
3746.77208 15.050 0.006
3748.72533 14.777 0.006
3749.73036 14.855 0.006
3751.74223 15.071 0.006
3753.69377 14.781 0.006
3755.69410 14.985 0.006
3757.68462 14.904 0.006
3759.74932 14.916 0.006
3762.77094 14.792 0.006
3765.75804 15.066 0.006
3770.63047 15.074 0.006
3773.69656 14.895 0.006
3776.66687 14.878 0.006
3779.62144 15.027 0.006
3782.73236 14.850 0.006
3787.59826 14.869 0.006
3792.54899 14.882 0.006
3800.53095 14.795 0.006
3809.53824 14.933 0.006
3823.49828 15.000 0.006
3964.87699 15.066 0.006
3969.90105 14.947 0.006
3980.91751 14.860 0.006
3981.87562 14.957 0.006
3989.90419 14.817 0.006
3998.86793 14.786 0.006
3999.83042 14.864 0.006
4001.87946 15.082 0.006
4004.84342 14.879 0.006
4005.85738 15.001 0.006
4008.72368 14.815 0.006
4011.89053 15.100 0.006
4018.85329 14.870 0.006
4023.88564 14.906 0.006
4026.79383 14.846 0.006
4029.74303 15.032 0.006
4031.81642 14.782 0.006
4038.72442 14.990 0.006
4041.68572 14.807 0.006
4043.69057 15.025 0.006
4046.78230 14.841 0.006
4048.87171 15.055 0.006
4049.65326 15.099 0.006
4052.71462 14.968 0.006
4054.70142 14.996 0.006
4056.75944 14.900 0.006
4058.79177 15.108 0.006
4063.69041 15.106 0.006
4065.86357 14.858 0.006
4066.74772 14.956 0.006
4068.65259 15.070 0.006
4070.67770 14.865 0.006
4073.85150 14.891 0.006
4074.74531 14.799 0.006
4077.79378 15.106 0.006
4079.83872 14.847 0.006
4083.68433 14.798 0.006
4085.75003 14.971 0.006
4093.73455 14.818 0.006
4102.84709 14.807 0.006
4105.80714 15.101 0.006
4109.77704 15.007 0.006
4113.73274 14.936 0.006
4120.76305 14.984 0.006
4122.71956 14.879 0.006
4125.77379 14.886 0.006
4132.66151 14.938 0.006
4142.71242 15.004 0.006
4156.54752 14.966 0.006
4168.50215 14.792 0.006
4197.48146 14.805 0.006
4341.91385 15.109 0.006
4347.86379 14.785 0.006
4353.79875 14.868 0.006
4358.89707 14.909 0.006
4364.86151 15.056 0.006
4367.88597 14.863 0.006
4371.75122 14.782 0.006
4377.80607 14.915 0.006
4380.82259 14.793 0.006
4386.79827 14.870 0.006
4390.76021 14.787 0.006
4394.71634 14.876 0.006
4399.73431 14.788 0.006
4404.73250 14.789 0.006
4412.71281 15.121 0.006
4418.80622 14.779 0.006
4421.85201 15.097 0.006
4426.74994 15.101 0.006
4429.85639 14.930 0.006
4430.67642 15.024 0.006
4432.73652 14.793 0.006
4436.77642 15.017 0.006
4439.84150 14.997 0.006
4443.72136 14.901 0.006
4449.69242 15.041 0.006
4451.70214 14.782 0.006
4455.70128 15.003 0.006
4457.73173 14.883 0.006
4460.80337 14.864 0.006
4463.72163 15.030 0.006
4466.71063 14.844 0.006
4470.65806 14.776 0.006
4473.70083 15.090 0.006
4477.75926 15.012 0.006
4482.76311 15.044 0.006
4486.74015 14.958 0.006
4491.71438 14.991 0.006
4494.65968 14.805 0.006
4498.69331 14.804 0.006
4501.69057 15.051 0.006
4506.62467 15.072 0.006
4508.64771 14.789 0.006
4510.71642 15.004 0.006
4517.65064 14.800 0.006
4521.63026 15.043 0.006
4524.59385 14.977 0.006
4530.61735 15.121 0.006
4532.64558 14.833 0.006
4535.61458 15.094 0.006
4536.61782 14.786 0.006
4539.49980 15.061 0.006
4541.60896 14.795 0.006
