2167.84934 15.246 0.006
2173.85669 15.036 0.006
2190.79442 14.887 0.006
2192.82837 15.305 0.006
2214.79567 14.751 0.006
2224.75245 15.348 0.006
2230.80724 15.178 0.006
2232.82707 14.837 0.006
2234.82152 15.272 0.006
2239.60645 14.753 0.006
2241.66798 15.240 0.006
2243.72656 14.929 0.006
2248.80699 15.252 0.006
2250.85285 14.942 0.006
2252.65819 15.307 0.006
2254.64912 15.014 0.006
2257.65303 14.897 0.006
2261.80621 15.033 0.006
2264.76221 14.906 0.006
2266.65067 15.293 0.006
2270.64677 15.307 0.006
2271.79758 14.911 0.006
2273.74745 15.307 0.006
2275.83449 15.026 0.006
2277.65616 15.321 0.006
2279.82848 15.135 0.006
2281.81534 14.763 0.006
2283.84954 15.219 0.006
2288.75567 14.733 0.006
2290.79404 15.219 0.006
2292.77059 14.885 0.006
2294.74564 15.286 0.006
2296.75602 14.991 0.006
2298.77545 15.313 0.006
2300.72845 15.102 0.006
2302.70629 14.768 0.006
2304.75066 15.185 0.006
2321.67950 15.048 0.006
2327.56610 14.755 0.006
2333.57532 15.306 0.007
2339.55175 15.117 0.006
2357.52303 15.190 0.007
2395.52408 15.048 0.006
2529.82052 15.189 0.006
2542.89423 14.974 0.006
2552.84611 14.821 0.006
2556.83761 14.946 0.006
2559.89011 14.825 0.006
2564.85411 15.163 0.006
2573.85270 14.786 0.006
2578.77703 15.140 0.006
2583.83147 15.214 0.006
2589.86492 15.229 0.006
2596.74825 15.204 0.006
2605.75130 14.870 0.006
2609.74750 14.982 0.006
2614.70995 15.273 0.006
2618.73422 15.343 0.006
2621.64366 15.246 0.006
2623.82540 14.976 0.006
2627.69188 15.054 0.006
2629.71490 14.943 0.006
2634.76641 15.059 0.006
2638.65980 15.142 0.006
2639.65990 15.326 0.006
2641.72456 15.055 0.006
2650.84026 14.899 0.006
2652.74451 15.151 0.006
2654.67934 14.764 0.006
2656.65287 15.218 0.006
2658.61529 14.890 0.006
2660.63276 15.315 0.006
2662.61555 14.993 0.006
2664.62316 15.315 0.006
2666.68660 15.137 0.006
2668.67012 14.748 0.006
2670.63620 15.210 0.006
2672.74551 14.907 0.006
2674.64802 15.297 0.006
2676.63049 14.979 0.006
2678.71815 15.282 0.006
2680.62882 15.106 0.006
2682.67680 14.740 0.006
2687.55289 15.068 0.006
2696.54604 14.934 0.006
2701.52818 15.041 0.006
2707.52566 14.786 0.006
2714.52454 14.779 0.006
2840.91375 14.740 0.006
2867.92572 15.257 0.006
2894.85519 15.037 0.006
2899.85673 15.315 0.006
2905.84573 15.122 0.006
2911.80504 14.873 0.006
2916.85529 15.198 0.006
2922.83908 14.985 0.006
2926.76649 15.079 0.006
2930.84022 15.199 0.006
2934.74200 15.257 0.006
2940.72214 15.051 0.006
2942.84354 14.814 0.006
2947.73606 15.041 0.006
2949.82622 14.885 0.006
2953.69295 14.766 0.006
2956.71873 15.142 0.006
2958.74501 15.148 0.006
2962.75690 15.232 0.006
2965.77629 15.145 0.006
2968.71985 15.011 0.006
2973.85991 15.331 0.006
2975.84906 15.033 0.006
2976.84431 15.241 0.006
2979.85054 15.141 0.006
2982.69601 14.991 0.006
2984.74359 15.276 0.006
2986.82620 15.136 0.006
2988.79660 14.745 0.006
2989.81395 15.013 0.006
2991.64709 15.334 0.006
2993.63454 15.087 0.006
2995.73531 14.734 0.006
2997.71312 15.188 0.006
2999.73614 14.866 0.006
3001.77196 15.288 0.006
3003.74268 14.983 0.006
3005.64790 15.342 0.006
3007.68096 15.075 0.006
3009.74730 14.745 0.006
3011.72298 15.176 0.006
3013.72743 14.844 0.006
3017.72890 14.967 0.006
3019.65688 15.349 0.006
3021.77565 15.066 0.006
3023.63744 14.990 0.006
3024.83856 14.973 0.006
3026.83524 15.325 0.006
3029.63960 15.244 0.006
3031.70955 14.942 0.006
3033.77310 15.341 0.006
3035.78014 15.059 0.006
3038.75762 14.956 0.006
3040.72828 15.340 0.006
3042.67220 15.027 0.006
3044.60615 15.212 0.006
3045.69513 14.928 0.006
3047.64880 15.324 0.006
3049.65450 15.017 0.006
3051.62272 15.238 0.006
3055.61624 14.751 0.006
3057.64166 15.214 0.006
3059.58554 14.879 0.006
3061.57858 15.298 0.006
3068.51995 15.277 0.006
3070.57562 14.981 0.006
3073.57795 14.859 0.006
3075.68933 15.302 0.007
3078.62133 15.187 0.006
3082.59883 15.281 0.006
3084.67590 14.986 0.006
3087.63863 14.859 0.006
3090.60202 14.777 0.006
3096.51976 15.257 0.007
3099.59003 15.161 0.006
3102.56930 15.051 0.006
3105.60157 14.954 0.006
3108.57950 14.800 0.006
3112.55684 14.930 0.006
3116.53820 15.040 0.006
3127.50559 15.134 0.006
3140.49485 14.888 0.006
3223.89446 15.300 0.006
3241.88061 14.761 0.006
3248.84402 14.825 0.006
3257.87187 15.170 0.006
3270.86083 14.940 0.006
3277.84482 14.923 0.006
3281.88857 15.045 0.006
3287.74964 14.756 0.006
3295.70188 14.979 0.006
3299.76488 15.117 0.006
3301.76239 14.747 0.006
3304.82262 15.293 0.006
3307.69315 15.287 0.006
3309.72849 14.981 0.006
3311.72638 15.338 0.006
3320.76912 15.089 0.006
3323.70397 14.953 0.006
3327.74074 15.072 0.006
3330.69955 14.958 0.006
3334.79877 15.072 0.006
3338.84525 15.186 0.006
3340.86034 14.846 0.006
3350.67879 15.129 0.006
3354.72642 14.781 0.006
3358.80677 14.954 0.006
3361.83895 14.817 0.006
3365.74136 14.913 0.006
3372.75769 14.912 0.006
3378.67038 15.297 0.006
3387.65697 15.104 0.006
3391.73813 15.208 0.006
3394.74968 15.109 0.006
3396.62967 14.780 0.006
3399.70692 15.334 0.006
3403.69422 14.758 0.006
3408.60361 15.071 0.006
3417.57623 15.010 0.006
3425.58450 14.936 0.006
3431.56669 15.157 0.006
3437.54796 15.215 0.006
3445.55334 15.258 0.006
3455.51012 15.284 0.006
3460.50167 14.866 0.006
3477.49640 14.815 0.006
3583.93856 14.953 0.006
3601.87374 15.024 0.006
3618.90775 14.897 0.006
3629.88900 15.001 0.006
3634.85553 15.290 0.006
3639.84889 14.862 0.006
3644.80363 15.179 0.006
3650.89252 14.971 0.006
3654.79407 15.058 0.006
3657.87397 14.953 0.006
3660.80842 14.813 0.006
3664.84350 14.944 0.006
3668.80141 15.046 0.006
3672.78961 15.139 0.006
3675.86929 15.052 0.006
3684.77743 15.221 0.006
3687.78307 15.315 0.006
3690.70292 15.192 0.006
3693.73689 15.108 0.006
3695.75842 14.752 0.006
3698.75120 15.313 0.006
3700.77998 15.122 0.006
3703.71081 14.988 0.006
3705.77442 15.316 0.006
3708.73301 15.288 0.006
3712.72350 15.338 0.006
3714.73021 15.087 0.006
3717.65626 14.960 0.006
3719.82350 15.320 0.006
3725.81741 15.190 0.006
3727.78986 14.853 0.006
3730.68521 14.923 0.006
3732.70995 15.171 0.006
3734.80798 14.852 0.006
3736.82425 15.284 0.006
3737.71261 14.947 0.006
3739.81173 15.185 0.006
3742.69761 15.050 0.006
3745.77329 14.962 0.006
3747.77599 15.337 0.006
3749.66767 15.033 0.006
3750.75266 15.256 0.006
3752.76337 14.944 0.006
3754.78111 15.337 0.006
3756.60463 15.014 0.006
3758.77751 15.012 0.006
3761.78992 15.331 0.006
3764.74440 15.242 0.006
3767.60419 15.135 0.006
3770.62190 15.001 0.006
3773.62475 14.882 0.006
3776.62415 14.740 0.006
3779.61375 15.312 0.006
3782.66448 15.298 0.006
3787.58947 14.863 0.006
3792.54125 15.174 0.006
3800.51865 15.334 0.006
3809.53049 15.050 0.006
3822.51631 14.776 0.006
3946.91281 15.096 0.006
3964.86945 15.169 0.006
3969.89355 14.898 0.006
3981.86827 15.044 0.006
3989.89530 15.241 0.006
4001.87194 14.768 0.006
4005.84958 14.897 0.006
4007.85379 15.319 0.006
4011.85402 15.274 0.006
4018.84557 15.300 0.006
4023.87770 15.002 0.006
4026.78619 14.862 0.006
4029.73519 14.822 0.006
4031.80779 15.188 0.006
4038.71681 15.176 0.006
4041.67803 15.037 0.006
4043.68232 15.009 0.006
4046.77449 15.328 0.006
4048.86396 15.091 0.006
4052.70690 15.154 0.006
4054.69383 14.788 0.006
4056.75088 15.260 0.006
4058.78402 14.948 0.006
4063.68278 15.224 0.006
4066.74006 15.141 0.006
4068.82756 14.807 0.006
4070.66992 15.218 0.006
4073.82940 15.157 0.006
4076.79751 15.050 0.006
4079.75987 14.921 0.006
4083.67663 14.992 0.006
4085.74214 15.247 0.006
4092.86058 15.144 0.006
4102.83716 15.322 0.006
4105.69608 15.195 0.006
4109.76925 15.288 0.006
4113.72496 15.341 0.006
4120.75536 15.341 0.006
4122.71182 15.087 0.006
4125.76305 14.979 0.006
4131.61640 15.030 0.006
4142.65311 14.794 0.006
4156.53977 14.745 0.006
4166.58105 15.299 0.006
4196.53056 15.066 0.006
4341.90638 15.301 0.006
4347.85631 15.087 0.006
4362.82674 15.268 0.006
4365.83482 15.163 0.006
4369.81646 15.253 0.006
4371.86277 14.953 0.006
4377.79856 15.101 0.006
4380.81508 15.330 0.006
4386.79072 15.144 0.006
4390.75264 15.221 0.006
4393.86674 15.153 0.006
4398.87802 15.139 0.006
4404.72483 15.202 0.006
4412.86541 15.242 0.006
4418.79761 15.204 0.006
4422.86368 15.298 0.007
4426.74198 15.331 0.007
4429.84798 15.298 0.007
4432.72883 15.177 0.006
4436.76819 15.275 0.006
4439.83376 15.190 0.006
4443.70002 15.259 0.006
4449.68477 15.047 0.006
4451.69431 15.047 0.006
4454.71081 15.334 0.006
4455.69307 14.789 0.006
4458.75152 15.010 0.006
4461.66838 15.321 0.006
4465.75153 15.072 0.006
4468.72007 15.324 0.006
4473.69292 14.916 0.006
4477.75108 15.033 0.006
4481.68870 15.128 0.006
4485.73674 15.224 0.006
4489.72021 15.310 0.006
4493.71004 15.293 0.006
4498.68623 14.993 0.006
4501.68359 14.878 0.006
4506.61754 15.172 0.006
4508.63476 14.855 0.006
4510.70831 15.289 0.006
4521.61842 15.346 0.006
4523.63425 15.074 0.006
4525.55367 15.068 0.006
4531.57569 15.234 0.006
4533.57809 14.921 0.006
4537.62811 15.040 0.006
4539.54710 15.175 0.006
4541.59934 15.159 0.006
