2166.84527 13.717 0.006
2172.89528 13.389 0.006
2183.88857 13.739 0.006
2189.85098 13.383 0.006
2192.75518 13.337 0.006
2201.76460 13.815 0.006
2212.79969 13.419 0.006
2217.78412 13.752 0.006
2223.80468 13.341 0.006
2226.77904 13.333 0.006
2228.82250 13.381 0.006
2230.73592 13.469 0.006
2232.75614 13.607 0.006
2234.75009 13.771 0.006
2238.70073 13.856 0.006
2240.82972 13.330 0.006
2242.83543 13.319 0.006
2248.71670 13.546 0.006
2251.74635 13.779 0.006
2253.76224 13.781 0.006
2255.69223 13.843 0.006
2258.69170 13.313 0.006
2261.66450 13.351 0.006
2264.80033 13.480 0.006
2269.77320 13.808 0.006
2271.71667 13.786 0.006
2273.81183 13.409 0.006
2275.78531 13.310 0.006
2277.78809 13.345 0.006
2279.78494 13.397 0.006
2281.74777 13.507 0.006
2283.80494 13.664 0.006
2289.74178 13.756 0.006
2291.74788 13.319 0.006
2293.71624 13.332 0.006
2295.73731 13.366 0.006
2297.72824 13.452 0.006
2299.76062 13.585 0.006
2301.66605 13.737 0.006
2303.66143 13.811 0.006
2323.56235 13.719 0.006
2326.56935 13.329 0.006
2332.51272 13.521 0.006
2338.53528 13.768 0.006
2344.52833 13.337 0.006
2355.50065 13.775 0.006
2387.49089 13.819 0.006
2521.91075 13.822 0.006
2542.82342 13.528 0.006
2544.88082 13.319 0.006
2551.87104 13.557 0.006
2555.89501 13.828 0.006
2559.80900 13.490 0.006
2563.85423 13.339 0.006
2573.78176 13.808 0.006
2577.84452 13.331 0.006
2583.74103 13.445 0.006
2589.78081 13.812 0.006
2594.79763 13.326 0.006
2599.85244 13.409 0.006
2609.65869 13.764 0.006
2611.66273 13.315 0.006
2617.80940 13.459 0.006
2620.77840 13.666 0.006
2623.75167 13.807 0.006
2626.67676 13.676 0.006
2627.61856 13.375 0.006
2630.83256 13.333 0.006
2632.62334 13.377 0.006
2635.61868 13.528 0.006
2637.74436 13.695 0.006
2637.75885 13.695 0.006
2639.77506 13.842 0.006
2641.64936 13.775 0.006
2643.66070 13.639 0.006
2645.65286 13.316 0.006
2647.57959 13.329 0.006
2651.64728 13.469 0.006
2653.67072 13.612 0.006
2655.65691 13.776 0.006
2657.79064 13.794 0.006
2659.65781 13.837 0.006
2661.67845 13.328 0.006
2665.78441 13.355 0.006
2671.78870 13.716 0.006
2675.72078 13.790 0.006
2677.75515 13.451 0.006
2679.74620 13.331 0.006
2682.60415 13.351 0.006
2686.57336 13.557 0.006
2691.52408 13.804 0.006
2695.58144 13.318 0.006
2700.53242 13.398 0.006
2706.51382 13.796 0.006
2713.51746 13.312 0.006
2735.49753 13.457 0.006
2841.91745 13.820 0.006
2868.88420 13.393 0.006
2890.82734 13.745 0.006
2895.86310 13.728 0.006
2900.81876 13.341 0.006
2906.84981 13.671 0.006
2910.88311 13.771 0.006
2915.88331 13.338 0.006
2921.88202 13.534 0.006
2925.85188 13.814 0.006
2930.76447 13.348 0.006
2933.80890 13.343 0.006
2939.81731 13.590 0.006
2941.83541 13.764 0.006
2943.71016 13.794 0.006
2946.81322 13.561 0.006
2948.80351 13.317 0.006
2952.79961 13.380 0.006
2955.85449 13.551 0.006
2958.66979 13.776 0.006
2962.68077 13.843 0.006
2965.69781 13.323 0.006
2967.79715 13.341 0.006
2970.71033 13.421 0.006
2974.70233 13.694 0.006
2976.73617 13.810 0.006
2978.63071 13.777 0.006
2980.65711 13.475 0.006
2982.61630 13.320 0.006
2984.65747 13.336 0.006
2986.74526 13.390 0.006
2988.71327 13.487 0.006
2990.64662 13.626 0.006
2992.73315 13.786 0.006
2994.64341 13.779 0.006
2996.73003 13.783 0.006
2998.68909 13.328 0.006
2999.78111 13.332 0.006
3001.65986 13.351 0.006
3003.65550 13.402 0.006
3005.61250 13.495 0.006
3007.73092 13.649 0.006
3009.66678 13.786 0.006
3011.61236 13.765 0.006
3013.64300 13.757 0.006
3017.61828 13.347 0.006
3018.71011 13.354 0.006
3020.78530 13.419 0.006
3022.81185 13.531 0.006
3024.76037 13.675 0.006
3026.75771 13.814 0.006
3028.76516 13.745 0.006
3030.77004 13.649 0.006
3033.69733 13.340 0.006
3035.70363 13.357 0.006
3038.68193 13.465 0.006
3040.68156 13.594 0.006
3042.62512 13.752 0.006
3044.55905 13.818 0.006
3046.57451 13.851 0.006
3048.55946 13.388 0.006
3050.57833 13.337 0.006
3052.57534 13.359 0.006
3054.57620 13.426 0.006
3056.57336 13.538 0.006
3058.56709 13.694 0.006
3060.58760 13.814 0.006
3064.58551 13.591 0.006
3067.64910 13.315 0.006
3069.60916 13.352 0.006
3073.51854 13.550 0.006
3075.61326 13.706 0.006
3078.53311 13.798 0.006
3082.52208 13.336 0.006
3084.59806 13.345 0.006
3087.55955 13.392 0.006
3090.51523 13.558 0.006
3093.49508 13.796 0.006
3098.60546 13.445 0.006
3101.56317 13.341 0.006
3104.53632 13.397 0.006
3107.51628 13.561 0.006
3111.50985 13.827 0.006
3114.50383 13.787 0.006
3115.52817 13.433 0.006
3126.46824 13.729 0.006
3144.48280 13.815 0.006
3224.88373 13.524 0.006
3239.91774 13.411 0.006
3247.88870 13.762 0.006
3256.86706 13.425 0.006
3263.83398 13.796 0.006
3268.85768 13.321 0.006
3273.82931 13.440 0.006
3276.84738 13.654 0.006
3281.81226 13.805 0.006
3289.82576 13.390 0.006
3294.82394 13.740 0.006
3301.68022 13.331 0.006
3303.84927 13.329 0.006
3306.82386 13.416 0.006
3308.84087 13.511 0.006
3310.87311 13.660 0.006
3320.68412 13.325 0.006
3323.63710 13.398 0.006
3329.81317 13.797 0.006
3334.71300 13.383 0.006
3338.76877 13.340 0.006
3351.76986 13.349 0.006
3354.73798 13.333 0.006
3358.62435 13.461 0.006
3361.72009 13.686 0.006
3372.68253 13.355 0.006
3377.71873 13.629 0.006
3386.74448 13.331 0.006
3391.58980 13.425 0.006
3395.65383 13.711 0.006
3398.70156 13.781 0.006
3402.64684 13.333 0.006
3404.57464 13.334 0.006
3408.52807 13.426 0.006
3412.55798 13.721 0.006
3414.59524 13.809 0.006
3419.57225 13.326 0.006
3426.51142 13.492 0.006
3433.56249 13.825 0.006
3443.53304 13.508 0.006
3453.49938 13.327 0.006
3574.93419 13.354 0.006
3588.92492 13.336 0.006
3589.87595 13.326 0.006
3614.91627 13.752 0.006
3617.87295 13.787 0.006
3629.81249 13.588 0.006
3634.77858 13.771 0.006
3639.88883 13.328 0.006
3641.82250 13.336 0.006
3650.81788 13.796 0.006
3653.84585 13.634 0.006
3657.79634 13.340 0.006
3660.76216 13.417 0.006
3664.79757 13.683 0.006
3668.73386 13.777 0.006
3671.86946 13.345 0.006
3676.84486 13.386 0.006
3684.78903 13.770 0.006
3687.70810 13.541 0.006
3689.80669 13.316 0.006
3692.73110 13.350 0.006
3694.80499 13.428 0.006
3696.68033 13.546 0.006
3699.69258 13.758 0.006
3701.74344 13.766 0.006
3704.70999 13.485 0.006
3706.76422 13.328 0.006
3711.65518 13.432 0.006
3713.66887 13.558 0.006
3716.71793 13.787 0.006
3719.72244 13.806 0.006
3722.76524 13.322 0.006
3726.66815 13.357 0.006
3728.64087 13.444 0.006
3731.74142 13.646 0.006
3733.62761 13.781 0.006
3734.73055 13.804 0.006
3736.74945 13.809 0.006
3737.63803 13.751 0.006
3739.70018 13.325 0.006
3741.72753 13.331 0.006
3743.70429 13.361 0.006
3746.74671 13.509 0.006
3748.69930 13.661 0.006
3750.70550 13.791 0.006
3752.71359 13.751 0.006
3754.73481 13.671 0.006
3755.65460 13.379 0.006
3757.62873 13.328 0.006
3759.59434 13.339 0.006
3762.67923 13.464 0.006
3765.70110 13.674 0.006
3769.74175 13.751 0.006
3772.70998 13.353 0.006
3775.70188 13.332 0.006
3778.68041 13.410 0.006
3782.58857 13.674 0.006
3786.56461 13.754 0.006
3791.56091 13.338 0.006
3798.56057 13.602 0.006
3805.54773 13.546 0.006
3820.49307 13.759 0.006
3938.94217 13.847 0.006
3961.92341 13.338 0.006
3968.90548 13.765 0.006
3974.89453 13.340 0.006
3981.79448 13.469 0.006
3987.91853 13.776 0.006
3995.82949 13.352 0.006
4002.82558 13.772 0.006
4005.77564 13.802 0.006
4007.77984 13.461 0.006
4011.76026 13.335 0.006
4018.74194 13.721 0.006
4023.79434 13.777 0.006
4026.71006 13.311 0.006
4028.84608 13.340 0.006
4031.73381 13.439 0.006
4037.84277 13.809 0.006
4040.81012 13.718 0.006
4042.82489 13.326 0.006
4046.70068 13.358 0.006
4048.78964 13.451 0.006
4052.63252 13.723 0.006
4053.83021 13.798 0.006
4059.66102 13.333 0.006
4064.62553 13.396 0.006
4066.60512 13.517 0.006
4069.67247 13.742 0.006
4071.59683 13.808 0.006
4076.65068 13.320 0.006
4079.68588 13.346 0.006
4082.67627 13.465 0.006
4084.75611 13.598 0.006
4087.67559 13.812 0.006
4093.76458 13.330 0.006
4102.63452 13.688 0.006
4104.79959 13.818 0.006
4109.66044 13.332 0.006
4113.67905 13.354 0.006
4119.61726 13.702 0.006
4122.66614 13.771 0.006
4125.71354 13.440 0.006
4129.71293 13.342 0.006
4142.57111 13.429 0.006
4150.54759 13.505 0.006
4154.52936 13.814 0.006
4165.57528 13.400 0.006
4183.52155 13.452 0.006
4340.89599 13.821 0.006
4346.88302 13.334 0.006
4350.90266 13.421 0.006
4357.83630 13.825 0.006
4363.76479 13.330 0.006
4365.78838 13.342 0.006
4369.78401 13.525 0.006
4372.75867 13.754 0.006
4376.84923 13.857 0.006
4379.85582 13.309 0.006
4383.85988 13.381 0.006
4388.79994 13.700 0.006
4393.72776 13.851 0.006
4398.80295 13.338 0.006
4403.74364 13.547 0.006
4411.73882 13.510 0.006
4417.82166 13.397 0.006
4421.73408 13.638 0.006
4425.80730 13.771 0.006
4429.71807 13.337 0.006
4431.85912 13.333 0.006
4436.68611 13.500 0.006
4439.73029 13.727 0.006
4442.70769 13.768 0.006
4448.76336 13.327 0.006
4450.76804 13.363 0.006
4453.74385 13.503 0.006
4456.75718 13.740 0.006
4459.66725 13.762 0.006
4462.66923 13.400 0.006
4465.70942 13.335 0.006
4469.66260 13.459 0.006
4474.66457 13.789 0.006
4478.76735 13.648 0.006
4481.76611 13.340 0.006
4484.67586 13.378 0.006
4487.73821 13.518 0.006
4492.69079 13.798 0.006
4494.72524 13.829 0.006
4499.60711 13.323 0.006
4502.67994 13.409 0.006
4507.63866 13.762 0.006
4509.63592 13.810 0.006
4516.54407 13.350 0.006
4520.63303 13.478 0.006
4522.54302 13.618 0.006
4524.55703 13.778 0.006
4530.56219 13.326 0.006
4532.55422 13.325 0.006
4537.55227 13.486 0.006
4540.60099 13.695 0.006
