2167.87543 15.557 0.007
2190.83462 15.645 0.007
2192.87687 15.509 0.007
2193.79845 15.644 0.007
2202.79789 15.207 0.006
2214.84552 15.409 0.007
2224.79997 15.605 0.007
2227.71083 15.501 0.007
2229.71630 15.572 0.007
2231.68467 15.430 0.007
2233.65301 15.219 0.006
2236.66534 15.275 0.007
2239.63336 15.318 0.007
2241.72029 15.518 0.007
2243.79016 15.594 0.007
2247.85587 15.259 0.006
2248.85855 15.493 0.007
2250.79088 15.293 0.006
2252.70968 15.651 0.007
2254.70085 15.531 0.007
2257.70510 15.561 0.007
2264.72097 15.271 0.006
2266.70191 15.654 0.007
2270.76908 15.382 0.006
2271.85010 15.589 0.006
2272.75526 15.278 0.007
2274.74682 15.614 0.007
2276.80820 15.482 0.007
2278.67244 15.254 0.006
2280.75078 15.654 0.007
2282.74670 15.533 0.007
2289.81016 15.227 0.006
2292.82661 15.301 0.007
2294.79472 15.657 0.008
2296.81541 15.552 0.008
2298.80905 15.384 0.007
2300.78667 15.295 0.007
2302.75978 15.601 0.007
2304.79824 15.471 0.007
2315.68555 15.383 0.006
2324.54415 15.486 0.007
2328.53109 15.626 0.008
2334.52441 15.218 0.006
2340.52121 15.303 0.007
2364.51392 15.621 0.008
2385.53140 15.323 0.007
2539.87545 15.358 0.007
2545.84191 15.439 0.007
2556.88981 15.390 0.007
2560.79903 15.610 0.007
2561.80054 15.218 0.007
2565.80631 15.504 0.007
2574.75637 15.599 0.007
2578.82470 15.274 0.007
2586.74746 15.441 0.007
2590.79574 15.460 0.007
2596.80243 15.540 0.008
2605.84224 15.633 0.007
2609.80726 15.314 0.007
2614.78081 15.446 0.007
2621.73658 15.464 0.007
2624.65611 15.493 0.007
2627.76830 15.540 0.008
2629.78925 15.386 0.007
2632.68904 15.395 0.007
2635.78967 15.472 0.007
2638.70749 15.500 0.007
2640.80419 15.339 0.007
2642.75933 15.522 0.008
2644.75831 15.581 0.007
2646.72108 15.409 0.007
2650.76929 15.652 0.007
2652.86674 15.507 0.007
2654.79579 15.338 0.007
2656.70126 15.598 0.007
2658.66371 15.559 0.007
2660.68288 15.395 0.007
2662.69744 15.203 0.006
2664.67824 15.632 0.007
2666.74190 15.500 0.007
2668.72891 15.321 0.007
2672.82260 15.570 0.007
2674.72848 15.403 0.007
2676.71764 15.217 0.006
2678.79001 15.647 0.007
2680.67677 15.472 0.007
2682.71898 15.313 0.007
2687.61107 15.544 0.007
2692.62478 15.609 0.008
2696.60099 15.271 0.007
2701.59270 15.600 0.008
2708.52243 15.454 0.007
2715.51803 15.641 0.008
2890.87086 15.464 0.008
2895.90894 15.318 0.007
2900.87093 15.412 0.007
2911.86676 15.623 0.007
2917.77022 15.311 0.007
2922.89246 15.657 0.009
2926.82535 15.338 0.007
2931.75359 15.362 0.007
2934.79438 15.220 0.006
2940.77487 15.312 0.007
2943.77903 15.364 0.007
2947.78771 15.602 0.007
2950.70148 15.624 0.007
2954.72481 15.300 0.007
2956.77014 15.620 0.007
2958.81179 15.566 0.008
2962.80894 15.218 0.006
2965.83196 15.272 0.006
2968.69968 15.285 0.006
2973.77314 15.423 0.007
2976.63956 15.351 0.007
2980.75559 15.480 0.007
2982.76369 15.302 0.006
2984.79528 15.624 0.007
2987.67668 15.577 0.007
2989.63637 15.563 0.007
2991.70830 15.421 0.007
2993.72024 15.232 0.007
2995.79393 15.655 0.007
2997.76452 15.515 0.007
2999.66424 15.316 0.006
3000.71315 15.550 0.007
3002.70179 15.370 0.007
3004.70229 15.331 0.007
3006.64575 15.599 0.007
3008.80069 15.484 0.007
3010.72028 15.274 0.007
3011.77523 15.521 0.008
3015.79279 15.486 0.007
3017.78048 15.582 0.007
3019.73425 15.441 0.007
3021.82714 15.236 0.006
3023.68926 15.626 0.007
3025.66071 15.491 0.007
3027.70626 15.322 0.006
3029.69120 15.624 0.007
3031.76127 15.585 0.007
3033.82483 15.440 0.007
3036.62333 15.444 0.007
3039.56522 15.475 0.007
3041.67323 15.318 0.007
3043.68398 15.644 0.008
3045.74682 15.590 0.007
3047.70050 15.424 0.007
3048.63169 15.583 0.007
3050.64870 15.446 0.007
3052.65009 15.247 0.006
3054.65466 15.662 0.007
3056.64275 15.534 0.007
3058.63673 15.351 0.007
3060.68637 15.479 0.007
3066.54831 15.226 0.007
3068.57221 15.658 0.008
3070.64643 15.526 0.009
3073.66433 15.557 0.008
3076.58818 15.593 0.008
3078.67498 15.451 0.007
3082.65196 15.664 0.007
3085.55548 15.682 0.008
3088.51741 15.658 0.008
3090.65911 15.583 0.007
3093.54174 15.605 0.008
3099.52868 15.669 0.008
3102.62176 15.615 0.007
3106.51844 15.403 0.007
3108.60827 15.218 0.006
3111.55385 15.255 0.007
3129.49619 15.505 0.008
3134.51710 15.382 0.007
3216.91090 15.592 0.008
3242.84561 15.611 0.007
3248.89834 15.237 0.007
3258.87490 15.558 0.006
3264.84593 15.631 0.007
3274.79800 15.391 0.007
3282.82911 15.301 0.006
3287.80247 15.526 0.006
3295.76008 15.643 0.006
3297.75218 15.498 0.006
3299.82030 15.340 0.006
3301.81368 15.547 0.007
3304.87809 15.232 0.007
3307.74754 15.236 0.007
3309.78391 15.651 0.007
3311.77761 15.502 0.007
3320.82524 15.618 0.007
3327.79317 15.342 0.006
3330.75152 15.370 0.007
3334.85102 15.615 0.008
3339.79885 15.506 0.007
3353.84512 15.512 0.007
3357.63617 15.676 0.007
3360.67425 15.577 0.007
3363.78249 15.239 0.006
3369.85979 15.332 0.007
3375.79615 15.414 0.007
3378.72175 15.422 0.006
3387.71919 15.544 0.007
3394.60485 15.247 0.006
3396.65568 15.636 0.007
3399.75830 15.665 0.008
3403.74565 15.378 0.006
3408.63009 15.244 0.006
3413.58505 15.662 0.007
3417.60493 15.347 0.006
3425.61030 15.228 0.006
3431.59831 15.340 0.006
3437.57388 15.419 0.006
3446.54297 15.523 0.007
3456.50450 15.245 0.007
3474.49123 15.515 0.007
3619.87634 15.425 0.006
3633.85279 15.415 0.007
3639.81993 15.496 0.006
3644.85647 15.369 0.006
3651.79921 15.629 0.007
3654.84545 15.651 0.007
3658.80904 15.341 0.006
3665.82780 15.632 0.007
3670.79754 15.502 0.007
3673.80767 15.541 0.006
3676.80768 15.566 0.007
3684.86168 15.520 0.007
3687.83405 15.539 0.007
3690.75401 15.572 0.007
3693.79151 15.601 0.007
3695.82280 15.465 0.006
3698.81238 15.513 0.007
3700.83099 15.336 0.006
3703.76505 15.357 0.006
3705.82927 15.328 0.006
3708.81706 15.217 0.006
3712.77458 15.486 0.006
3714.84539 15.324 0.006
3717.73777 15.343 0.007
3720.82582 15.415 0.007
3724.74348 15.626 0.007
3727.81807 15.653 0.007
3728.78081 15.308 0.006
3731.78434 15.354 0.006
3732.76745 15.557 0.006
3735.62384 15.557 0.006
3737.79375 15.444 0.006
3740.75564 15.477 0.006
3742.76303 15.290 0.006
3745.79892 15.344 0.006
3747.80155 15.472 0.007
3748.76875 15.392 0.007
3750.77946 15.244 0.006
3752.78898 15.632 0.007
3754.80678 15.490 0.007
3757.58777 15.485 0.006
3759.79283 15.339 0.006
3763.66477 15.562 0.006
3766.62117 15.593 0.007
3770.70773 15.263 0.006
3773.74051 15.328 0.006
3776.71222 15.370 0.006
3783.58212 15.611 0.007
3788.55492 15.497 0.006
3792.59235 15.558 0.007
3800.57426 15.651 0.007
3810.53234 15.416 0.007
3824.50258 15.402 0.007
3950.92611 15.446 0.006
3964.92484 15.441 0.006
3970.84969 15.503 0.006
3990.90692 15.588 0.007
4003.72437 15.331 0.006
4005.90012 15.341 0.006
4006.74566 15.379 0.006
4008.76647 15.270 0.006
4013.76703 15.665 0.007
4019.87603 15.417 0.006
4024.76348 15.615 0.006
4026.84119 15.488 0.006
4041.72825 15.645 0.007
4046.82655 15.548 0.007
4049.69572 15.554 0.006
4054.74399 15.458 0.006
4056.80300 15.292 0.006
4058.85012 15.663 0.007
4065.85612 15.439 0.006
4067.69799 15.234 0.006
4070.72025 15.239 0.006
4074.78897 15.542 0.007
4077.83777 15.589 0.007
4080.71433 15.585 0.007
4084.64267 15.224 0.006
4086.79838 15.679 0.007
4093.83976 15.431 0.006
4111.77709 15.630 0.006
4121.69551 15.390 0.007
4124.77775 15.434 0.006
4132.73365 15.334 0.006
4156.59058 15.604 0.007
4168.55112 15.346 0.007
4198.50531 15.583 0.008
4343.84125 15.501 0.008
4347.90833 15.529 0.007
4353.84145 15.211 0.006
4358.79286 15.668 0.008
4363.83536 15.561 0.008
4367.79514 15.243 0.007
4370.83192 15.251 0.007
4373.83135 15.305 0.007
4377.85032 15.566 0.007
4386.84084 15.656 0.008
4390.80284 15.343 0.007
4394.82040 15.583 0.007
4399.77702 15.465 0.007
4407.73994 15.369 0.007
4412.76351 15.219 0.007
4422.74115 15.565 0.007
4427.71680 15.437 0.007
4433.73769 15.527 0.007
4440.67998 15.256 0.006
4443.77238 15.268 0.007
4451.77467 15.409 0.007
4471.82081 15.252 0.007
4472.65022 15.453 0.006
4476.70374 15.664 0.007
4483.79550 15.437 0.007
4486.82177 15.486 0.008
4492.67962 15.529 0.007
4497.74083 15.418 0.007
4500.61390 15.444 0.007
4518.64101 15.659 0.008
4523.66046 15.540 0.008
4525.62510 15.393 0.007
4533.60346 15.280 0.007
