2123.93450 15.669 0.007
2130.92356 15.664 0.007
2131.92535 15.787 0.008
2132.92352 15.901 0.008
2134.92508 15.886 0.008
2140.92475 15.714 0.007
2142.91199 15.630 0.007
2144.92237 15.619 0.007
2156.89607 15.661 0.008
2161.86302 15.709 0.007
2173.87628 15.809 0.007
2190.80798 15.897 0.007
2192.84593 15.857 0.007
2201.83238 15.807 0.007
2214.81394 15.585 0.007
2221.75684 15.585 0.007
2224.76955 15.738 0.007
2227.67217 15.836 0.007
2229.68563 15.793 0.007
2230.82979 15.688 0.007
2237.76461 15.719 0.007
2241.68986 15.841 0.007
2243.74372 15.808 0.007
2247.82559 15.710 0.007
2248.82818 15.884 0.007
2250.81497 15.825 0.007
2252.67528 15.743 0.007
2254.66634 15.676 0.007
2257.67301 15.808 0.007
2260.67972 15.890 0.007
2264.68510 15.813 0.007
2266.67121 15.758 0.007
2270.67890 15.601 0.006
2271.81926 15.831 0.007
2272.82721 15.578 0.007
2274.66473 15.891 0.007
2276.77484 15.893 0.007
2277.82814 15.647 0.006
2279.84574 15.593 0.007
2280.81929 15.794 0.007
2282.70891 15.702 0.007
2283.87005 15.909 0.007
2288.77751 15.826 0.007
2290.81480 15.906 0.007
2292.78782 15.847 0.007
2294.76415 15.818 0.008
2296.77979 15.748 0.008
2298.73650 15.667 0.007
2300.74697 15.602 0.007
2302.72365 15.827 0.007
2304.76785 15.908 0.009
2323.59973 15.860 0.007
2327.58515 15.854 0.008
2333.59517 15.669 0.007
2339.57156 15.907 0.007
2345.53263 15.738 0.007
2351.51076 15.858 0.007
2369.50827 15.860 0.008
2385.49396 15.841 0.008
2529.83955 15.841 0.007
2539.84198 15.801 0.007
2545.81155 15.812 0.007
2552.86519 15.824 0.007
2556.85656 15.693 0.007
2560.76498 15.795 0.007
2564.87325 15.885 0.007
2573.86996 15.835 0.007
2578.79432 15.863 0.007
2583.84872 15.897 0.008
2590.75492 15.917 0.007
2596.76753 15.777 0.007
2605.79479 15.722 0.007
2609.76695 15.630 0.007
2614.72524 15.639 0.007
2618.78021 15.846 0.007
2621.70532 15.641 0.007
2624.61127 15.765 0.007
2627.70978 15.903 0.008
2629.73273 15.848 0.007
2632.65867 15.884 0.007
2635.70591 15.648 0.007
2638.67689 15.785 0.007
2640.77378 15.744 0.007
2642.73000 15.671 0.007
2644.73270 15.584 0.007
2646.68693 15.860 0.007
2650.74250 15.865 0.007
2652.79989 15.823 0.007
2654.76530 15.752 0.007
2656.67072 15.661 0.007
2658.63247 15.594 0.007
2660.65080 15.841 0.007
2662.66174 15.915 0.007
2664.64180 15.856 0.007
2666.70519 15.812 0.007
2668.69131 15.753 0.007
2670.65343 15.677 0.007
2672.79219 15.623 0.007
2674.69294 15.767 0.007
2676.68205 15.918 0.007
2678.73530 15.881 0.007
2680.64606 15.823 0.007
2682.69211 15.772 0.007
2687.57192 15.822 0.007
2693.53115 15.596 0.007
2696.56788 15.751 0.007
2701.54953 15.828 0.008
2707.55130 15.622 0.007
2714.54340 15.611 0.007
2839.92000 15.594 0.007
2867.89101 15.591 0.007
2885.86870 15.912 0.007
2892.89721 15.899 0.008
2897.86612 15.702 0.007
2907.78634 15.676 0.007
2911.82373 15.704 0.007
2916.87415 15.632 0.007
2922.85785 15.881 0.008
2926.78955 15.775 0.007
2930.85923 15.643 0.007
2934.76126 15.895 0.007
2940.74111 15.771 0.007
2943.74630 15.875 0.007
2947.75495 15.768 0.007
2949.84495 15.713 0.007
2953.71209 15.651 0.007
2956.73743 15.706 0.007
2958.76379 15.638 0.007
2962.77629 15.837 0.007
2965.79932 15.660 0.007
2968.66661 15.784 0.007
2973.79011 15.846 0.007
2976.80254 15.786 0.007
2978.71019 15.894 0.007
2980.72261 15.839 0.007
2982.71533 15.793 0.007
2984.76246 15.749 0.007
2986.84513 15.681 0.007
2988.81550 15.589 0.007
2989.77081 15.809 0.007
2991.66595 15.735 0.007
2993.68638 15.654 0.007
2995.75421 15.594 0.007
2997.73190 15.784 0.007
3001.79094 15.858 0.007
3003.76159 15.809 0.007
3005.72343 15.752 0.007
3007.64485 15.658 0.007
3009.64270 15.591 0.007
3011.74228 15.726 0.007
3017.74779 15.826 0.007
3019.67582 15.757 0.007
3021.79439 15.707 0.007
3023.65617 15.589 0.006
3025.62407 15.755 0.007
3027.67345 15.900 0.007
3029.65848 15.853 0.007
3031.72840 15.829 0.007
3033.79204 15.778 0.007
3035.79887 15.716 0.007
3038.77649 15.835 0.007
3041.61700 15.920 0.008
3043.65104 15.885 0.008
3045.71396 15.839 0.007
3047.66771 15.769 0.007
3048.59649 15.912 0.007
3050.61600 15.868 0.007
3052.61720 15.831 0.007
3054.61742 15.772 0.007
3056.60987 15.701 0.007
3058.60386 15.623 0.007
3060.65346 15.637 0.007
3068.53938 15.766 0.007
3070.60029 15.697 0.008
3073.63148 15.837 0.008
3076.54509 15.904 0.009
3078.64050 15.894 0.007
3082.61831 15.785 0.007
3085.51940 15.864 0.007
3087.65759 15.850 0.008
3090.62374 15.826 0.007
3096.53962 15.789 0.008
3099.60940 15.905 0.009
3102.58801 15.594 0.007
3104.57473 15.836 0.007
3107.55843 15.664 0.007
3110.55650 15.801 0.007
3113.53441 15.904 0.008
3128.50692 15.652 0.007
3140.51391 15.746 0.007
3216.87814 15.687 0.007
3248.86326 15.684 0.007
3257.89160 15.873 0.007
3264.81294 15.900 0.007
3270.87973 15.785 0.007
3274.76538 15.622 0.007
3277.88741 15.793 0.007
3287.76907 15.882 0.007
3295.72749 15.619 0.006
3297.71946 15.621 0.006
3299.78378 15.857 0.006
3301.78100 15.895 0.008
3304.84134 15.584 0.007
3307.71488 15.726 0.007
3309.74710 15.658 0.007
3311.74507 15.594 0.007
3320.78803 15.787 0.007
3323.73416 15.657 0.006
3327.76000 15.797 0.007
3330.71865 15.684 0.007
3334.81758 15.735 0.007
3338.86601 15.868 0.007
3339.76535 15.601 0.007
3354.78126 15.825 0.007
3358.82996 15.708 0.007
3365.76005 15.703 0.007
3372.77645 15.703 0.007
3378.68907 15.897 0.007
3387.68157 15.862 0.008
3391.75682 15.783 0.007
3399.72563 15.855 0.007
3403.71297 15.843 0.007
3406.68250 15.868 0.007
3410.63545 15.837 0.007
3415.63265 15.889 0.007
3427.59637 15.861 0.007
3433.61897 15.796 0.007
3438.54817 15.847 0.007
3446.50533 15.616 0.007
3455.52866 15.846 0.008
3461.52273 15.788 0.007
3473.48206 15.842 0.007
3575.94071 15.868 0.007
3592.93256 15.622 0.006
3619.83448 15.842 0.007
3629.90796 15.815 0.007
3633.87299 15.858 0.007
3639.78547 15.649 0.006
3644.82209 15.733 0.006
3651.76525 15.740 0.007
3654.81277 15.835 0.007
3658.77679 15.728 0.007
3661.84749 15.852 0.007
3668.82022 15.863 0.007
3672.80849 15.759 0.007
3676.76528 15.588 0.007
3684.82727 15.815 0.007
3687.80168 15.893 0.007
3690.72154 15.585 0.007
3693.75556 15.764 0.007
3695.78832 15.719 0.007
3698.77007 15.831 0.007
3700.79865 15.779 0.007
3703.72953 15.876 0.007
3705.79670 15.832 0.007
3708.78463 15.888 0.007
3712.74225 15.825 0.007
3714.81248 15.789 0.007
3717.67492 15.879 0.007
3719.84744 15.849 0.007
3721.80841 15.792 0.007
3726.70425 15.838 0.007
3730.73649 15.709 0.006
3732.72858 15.641 0.006
3734.85942 15.591 0.007
3737.76036 15.723 0.006
3739.83034 15.663 0.006
3741.84328 15.601 0.007
3743.74041 15.854 0.007
3746.78292 15.690 0.007
3748.73612 15.598 0.007
3749.74170 15.804 0.007
3751.75306 15.733 0.007
3753.70456 15.662 0.007
3755.70556 15.594 0.006
3757.69542 15.839 0.007
3759.76021 15.911 0.007
3762.78172 15.597 0.007
3765.76881 15.744 0.006
3770.64132 15.794 0.006
3773.70740 15.897 0.007
3776.67772 15.594 0.007
3779.63230 15.731 0.007
3782.74590 15.872 0.007
3787.60911 15.898 0.007
3792.55983 15.820 0.007
3800.54182 15.730 0.007
3809.54906 15.674 0.007
3823.50916 15.673 0.007
3946.93135 15.649 0.007
3964.88773 15.583 0.006
3969.91854 15.680 0.007
3981.88634 15.752 0.007
3989.91496 15.918 0.008
3998.87866 15.860 0.007
3999.84114 15.605 0.006
4001.89016 15.730 0.006
4004.85413 15.695 0.006
4005.86808 15.865 0.007
4008.73435 15.832 0.007
4011.90124 15.706 0.007
4018.86402 15.700 0.006
4024.73147 15.900 0.007
4026.80453 15.871 0.007
4029.75376 15.744 0.007
4032.76906 15.692 0.007
4038.73513 15.908 0.007
4041.69639 15.611 0.006
4043.70124 15.747 0.007
4046.79297 15.727 0.007
4049.66390 15.817 0.007
4052.72531 15.910 0.007
4054.71211 15.884 0.007
4056.77013 15.841 0.007
4058.80246 15.790 0.006
4063.70106 15.826 0.007
4066.75837 15.887 0.007
4068.66326 15.889 0.007
4070.68835 15.830 0.007
4074.75598 15.727 0.007
4077.80450 15.864 0.007
4079.84939 15.804 0.007
4083.69496 15.632 0.007
4085.76069 15.586 0.007
4093.74522 15.800 0.006
4102.85775 15.762 0.007
4105.81779 15.868 0.007
4109.78766 15.751 0.006
4113.74349 15.585 0.006
4120.77372 15.624 0.006
4122.73018 15.736 0.006
4125.78445 15.701 0.007
4132.67221 15.681 0.007
4142.72319 15.846 0.008
4156.55829 15.803 0.007
4168.51294 15.850 0.007
4197.49220 15.612 0.007
4341.92462 15.687 0.007
4347.87554 15.915 0.007
4353.80951 15.754 0.007
4358.90781 15.830 0.007
4364.87223 15.626 0.007
4367.89668 15.780 0.007
4371.76197 15.598 0.007
4377.81834 15.893 0.007
4380.83327 15.635 0.007
4386.80899 15.836 0.008
4390.77090 15.711 0.007
4394.72705 15.684 0.007
4399.74500 15.628 0.008
4412.72350 15.887 0.007
4418.81690 15.742 0.007
4421.86271 15.858 0.008
4426.76061 15.895 0.009
4430.68799 15.796 0.008
4432.74718 15.739 0.007
4436.78711 15.593 0.007
4439.85219 15.772 0.008
4443.74022 15.584 0.007
4449.70309 15.851 0.007
4451.71284 15.807 0.007
4455.71192 15.675 0.007
4457.74238 15.593 0.007
4460.81402 15.771 0.008
4463.73231 15.861 0.007
4466.72131 15.735 0.007
4470.66877 15.862 0.007
4473.71150 15.711 0.007
4477.76998 15.884 0.007
4482.77380 15.886 0.008
4486.75162 15.838 0.007
4491.72515 15.890 0.008
4494.67051 15.678 0.007
4498.70324 15.895 0.007
4501.70049 15.641 0.007
4506.63461 15.623 0.007
4508.65764 15.640 0.007
4510.72722 15.861 0.007
4517.66144 15.872 0.008
4521.64198 15.848 0.007
4524.60471 15.896 0.007
4530.63068 15.789 0.007
4532.65643 15.742 0.007
4536.62867 15.587 0.007
4539.51064 15.710 0.007
4541.61978 15.660 0.007
