2187.77543 15.961 0.008
2190.87485 15.916 0.007
2193.84406 15.990 0.007
2202.84381 15.853 0.007
2215.79662 16.014 0.007
2222.79648 15.763 0.007
2224.84405 15.762 0.007
2227.75494 16.013 0.007
2229.76067 16.020 0.008
2231.72920 16.027 0.007
2233.69740 16.010 0.007
2237.61661 15.998 0.008
2239.67767 16.014 0.008
2241.76931 16.039 0.007
2243.83958 16.047 0.008
2248.69911 15.755 0.006
2250.73057 15.762 0.006
2252.82764 15.821 0.007
2254.74564 15.779 0.006
2257.76315 16.055 0.007
2260.77274 15.790 0.006
2265.71118 16.057 0.007
2266.79114 15.826 0.006
2270.82265 15.850 0.006
2272.67482 15.792 0.007
2274.80115 15.853 0.007
2276.85651 15.880 0.007
2278.81552 15.855 0.007
2280.79522 15.869 0.007
2282.79904 15.884 0.007
2290.69817 15.839 0.007
2293.81325 16.117 0.010
2295.83711 16.104 0.007
2297.82390 16.112 0.007
2299.84033 16.121 0.008
2301.73443 16.098 0.008
2302.80963 15.917 0.008
2303.73241 16.102 0.008
2321.70253 16.117 0.008
2328.57954 15.903 0.008
2334.57765 15.904 0.008
2340.56931 15.918 0.007
2346.50996 15.924 0.008
2360.50495 15.941 0.008
2391.50593 15.879 0.008
2540.88360 15.837 0.008
2548.82061 15.846 0.008
2553.78728 16.079 0.010
2557.85267 16.090 0.008
2561.85071 16.088 0.008
2565.85910 16.096 0.008
2574.82947 15.883 0.007
2578.87275 15.915 0.008
2586.77124 15.903 0.007
2590.84454 15.924 0.007
2596.85155 15.952 0.008
2606.74781 15.938 0.007
2610.64983 15.913 0.008
2614.81872 15.967 0.007
2619.69540 16.091 0.007
2621.82267 15.960 0.007
2624.71980 15.956 0.007
2627.84251 15.905 0.008
2630.61219 15.937 0.008
2632.76309 15.985 0.007
2636.71292 15.980 0.007
2638.75717 15.989 0.007
2641.80557 15.825 0.007
2643.79997 15.812 0.007
2645.80071 15.784 0.007
2649.67336 15.913 0.007
2651.75311 15.811 0.007
2653.75001 15.788 0.007
2655.78449 15.752 0.007
2657.77666 15.759 0.007
2659.82965 15.771 0.007
2661.62982 15.861 0.006
2666.61372 16.000 0.007
2668.84206 16.049 0.008
2673.78751 15.775 0.007
2676.76782 16.042 0.008
2678.81375 16.045 0.007
2680.70595 16.047 0.007
2684.58517 16.031 0.008
2688.55888 16.026 0.008
2692.53331 16.023 0.008
2697.54825 15.775 0.007
2702.54984 16.050 0.008
2708.57668 16.056 0.007
2725.50920 15.804 0.007
2875.87789 16.106 0.008
2884.89992 15.951 0.007
2890.91986 15.986 0.012
2896.87475 15.967 0.008
2902.80577 15.955 0.007
2912.80966 15.991 0.006
2917.81790 15.881 0.007
2923.82060 15.833 0.007
2926.87302 16.024 0.007
2931.80174 15.791 0.007
2934.84192 16.020 0.008
2940.82219 16.028 0.007
2943.82697 15.754 0.006
2947.83516 15.767 0.007
2950.75152 16.037 0.008
2956.81770 16.037 0.007
2958.86222 16.041 0.008
2963.75362 15.778 0.007
2966.77384 16.038 0.007
2968.74258 16.038 0.007
2971.80455 15.808 0.007
2974.82760 16.060 0.007
2976.68753 16.038 0.007
2979.67142 15.788 0.007
2981.69201 15.783 0.008
2983.82388 15.846 0.007
2985.79095 15.826 0.007
2987.74747 15.836 0.007
2989.68768 15.806 0.006
2991.76154 15.842 0.007
2993.76768 15.846 0.007
2995.84295 15.874 0.007
2997.81412 15.864 0.007
2998.75950 16.077 0.008
3000.76809 16.074 0.008
3002.75965 16.081 0.007
3004.75258 16.088 0.007
3006.74580 16.097 0.007
3010.80649 16.104 0.008
3012.81201 16.111 0.011
3016.75647 16.091 0.007
3018.78713 16.117 0.007
3020.85076 16.104 0.008
3021.87568 15.944 0.008
3023.73703 15.913 0.007
3025.74023 15.906 0.006
3027.75876 15.917 0.007
3029.74319 15.911 0.007
3031.81518 15.925 0.007
3034.64028 16.106 0.007
3036.67051 16.107 0.007
3039.61252 15.905 0.007
3041.69539 15.934 0.008
3042.72044 16.093 0.008
3044.65948 16.129 0.008
3046.64564 16.100 0.008
3048.67881 16.099 0.007
3050.67562 16.092 0.007
3052.67208 16.097 0.007
3054.67759 16.083 0.008
3056.66540 16.081 0.007
3058.65866 16.078 0.007
3060.70812 16.019 0.007
3068.62408 16.052 0.008
3071.52239 15.937 0.007
3074.52206 16.098 0.008
3076.64114 15.994 0.008
3079.63847 15.984 0.007
3082.70614 15.838 0.006
3085.60936 15.986 0.007
3088.56554 15.981 0.008
3091.56989 16.010 0.008
3100.52808 15.917 0.008
3103.53571 16.008 0.007
3106.56810 15.809 0.006
3109.55266 16.009 0.007
3113.57021 16.031 0.008
3127.52815 16.029 0.007
3133.54383 16.025 0.008
3230.91852 16.057 0.007
3242.89286 16.063 0.008
3249.85985 15.820 0.007
3260.85176 16.069 0.007
3264.89374 16.085 0.007
3271.84216 15.838 0.007
3274.84546 16.096 0.008
3279.79905 15.859 0.007
3282.86469 16.099 0.007
3295.80805 15.896 0.006
3297.79949 15.899 0.006
3301.87888 15.920 0.008
3305.76979 15.904 0.007
3307.79462 15.925 0.008
3309.83105 15.949 0.006
3315.86408 15.959 0.007
3321.73116 15.929 0.007
3324.83906 16.031 0.006
3327.84528 15.966 0.007
3336.67085 16.103 0.007
3339.85273 15.999 0.007
3353.75425 15.996 0.007
3357.78193 15.999 0.007
3360.75980 15.851 0.006
3363.83435 16.020 0.007
3370.79164 15.794 0.007
3376.74370 15.777 0.006
3378.76888 15.761 0.006
3387.76676 16.045 0.008
3394.65776 15.759 0.006
3396.67877 15.765 0.006
3399.80598 16.056 0.008
3402.71602 15.800 0.006
3404.64759 15.781 0.007
3409.56445 16.038 0.007
3413.60766 16.047 0.007
3418.55960 15.771 0.006
3426.55111 15.782 0.006
3432.53698 15.800 0.006
3439.51309 16.062 0.007
3447.53856 16.076 0.008
3457.51554 16.067 0.008
3603.86948 15.958 0.007
3620.90580 15.894 0.006
3630.81686 15.931 0.007
3637.75750 15.989 0.008
3640.81345 15.837 0.006
3651.84592 16.038 0.007
3658.85806 15.785 0.007
3660.85542 15.784 0.007
3664.86500 15.781 0.006
3668.84888 15.785 0.006
3672.83755 15.790 0.006
3676.72429 15.775 0.006
3685.79417 16.062 0.007
3688.72831 15.793 0.006
3690.80309 15.824 0.006
3693.70474 16.048 0.007
3696.74717 15.817 0.006
3699.76013 16.070 0.006
3701.81327 16.071 0.007
3703.81195 16.075 0.006
3706.68751 15.814 0.006
3711.72274 16.060 0.007
3713.81064 16.094 0.007
3715.78712 16.091 0.007
3718.75602 15.865 0.006
3722.65092 15.834 0.006
3726.73310 15.881 0.007
3728.79542 15.898 0.006
3730.76518 15.893 0.006
3732.84068 15.920 0.006
3734.83353 15.912 0.006
3735.68192 16.086 0.006
3737.84045 16.103 0.006
3739.85912 16.099 0.007
3741.59740 16.091 0.007
3743.76935 16.093 0.007
3746.81173 15.950 0.006
3748.79046 15.933 0.007
3750.80526 15.946 0.007
3753.67831 16.107 0.007
3755.75995 16.099 0.008
3757.77937 16.075 0.006
3760.75903 15.950 0.007
3763.71197 16.077 0.006
3766.72875 15.954 0.007
3770.75623 15.974 0.007
3774.62962 15.947 0.007
3777.58816 16.092 0.007
3781.75249 15.931 0.007
3786.60485 15.952 0.007
3793.55453 16.044 0.007
3801.54451 15.989 0.006
3811.53711 15.935 0.007
3828.50102 16.020 0.007
3958.93024 15.821 0.007
3965.87978 16.064 0.006
3970.89992 15.845 0.006
3982.85046 15.842 0.006
3993.80358 16.082 0.007
4002.86398 15.901 0.006
4004.88224 15.906 0.006
4006.79177 15.880 0.006
4008.81280 15.894 0.006
4013.82438 16.106 0.007
4019.82713 16.117 0.007
4029.83367 16.092 0.007
4032.86844 15.961 0.007
4039.70059 16.110 0.007
4041.77433 16.098 0.007
4049.74260 16.072 0.006
4052.80410 15.980 0.006
4054.79090 16.003 0.007
4056.84941 16.003 0.006
4059.74402 16.024 0.006
4064.85776 16.018 0.006
4066.81421 16.010 0.006
4068.84905 16.022 0.006
4070.77149 16.013 0.007
4074.81025 16.014 0.007
4077.85909 15.772 0.006
4080.73879 16.032 0.007
4083.72550 15.838 0.007
4085.78906 15.780 0.007
4095.65042 15.821 0.006
4103.78086 15.777 0.006
4106.61161 16.037 0.007
4112.78595 16.058 0.007
4121.78048 15.810 0.006
4126.75997 16.058 0.007
4129.79358 15.846 0.006
4143.57048 15.793 0.007
4157.56966 15.828 0.008
4169.52547 15.840 0.007
4199.49494 15.900 0.008
4343.88739 15.859 0.007
4348.86011 16.011 0.007
4353.88767 15.780 0.007
4358.83984 16.020 0.008
4363.85664 15.776 0.008
4367.84482 15.760 0.007
4371.79434 15.777 0.007
4378.73374 16.037 0.008
4381.76932 15.774 0.008
4386.88689 16.066 0.011
4390.84887 16.052 0.007
4395.71567 15.769 0.007
4399.87431 15.825 0.008
4408.72818 16.059 0.008
4412.81164 16.086 0.010
4427.76317 15.855 0.007
4430.76648 16.094 0.008
4433.78396 15.866 0.007
4437.71057 15.860 0.008
4440.73018 16.101 0.008
4443.84776 15.917 0.008
4449.78953 15.907 0.008
4451.82515 15.930 0.008
4455.79484 15.935 0.007
4458.77350 16.124 0.008
4462.76753 16.115 0.007
4464.81310 16.096 0.008
4467.78422 15.951 0.007
4472.70013 16.105 0.007
4476.78719 16.054 0.007
4480.73760 16.066 0.006
4484.81703 15.957 0.007
4488.73789 16.021 0.008
4492.75718 15.956 0.007
4497.76119 15.987 0.007
4500.63424 16.034 0.007
4502.74408 15.903 0.008
4507.74810 16.010 0.008
4509.69878 16.003 0.007
4512.74748 15.809 0.006
4518.69632 15.828 0.008
4521.73380 16.031 0.008
4524.63341 15.850 0.007
4530.65950 15.790 0.007
4533.62515 16.035 0.006
4534.62802 15.796 0.007
4538.64264 15.766 0.007
4542.55071 15.809 0.008
